//=================================================
// Config : DUY ĐẠT
// Zalo: DUY ĐẠT - 0961.87.37.67
//=================================================
0
//EventName              	DropZen    ItemDropRate   ItemDropCount   SetItemDropRate   ItemDropType   Fireworks	
"Pink Chocolate Box"		1000	   	100		  	   2		  	   0		   		 0		   		0
end

1
//Section   Type   	MinLevel   	MaxLevel   	Skill   Luck   	Option	Excellent	Rate
//7			18		0			0			0		1		1		1			100		
//8			18		0			0			0		1		1		1			100		
//9			18		0			0			0		1		1		1			100		
//10			18		0			0			0		1		1		1			100		
//11			18		0			0			0		1		1		1			100		
//	
//7			17		0			0			0		1		1		1			100		
//8			17		0			0			0		1		1		1			100		
//9			17		0			0			0		1		1		1			100		
//10			17		0			0			0		1		1		1			100		
//11			17		0			0			0		1		1		1			100		
//
//7			19		0			0			0		1		1		1			100		
//8			19		0			0			0		1		1		1			100		
//9			19		0			0			0		1		1		1			100		
//10			19		0			0			0		1		1		1			100		
//11			19		0			0			0		1		1		1			100		
//	
//8			20		0			0			0		1		1		1			100		
//9			20		0			0			0		1		1		1			100		
//10			20		0			0			0		1		1		1			100		
//11			20		0			0			0		1		1		1			100		
//	
//7			38		0			0			0		1		1		1			100		
//8			38		0			0			0		1		1		1			100		
//9			38		0			0			0		1		1		1			100		
//10			38		0			0			0		1		1		1			100		
//11			38		0			0			0		1		1		1			100		
//	
//7			41		0			0			0		1		1		1			100		
//8			41		0			0			0		1		1		1			100		
//9			41		0			0			0		1		1		1			100		
//10			41		0			0			0		1		1		1			100		
//11			41		0			0			0		1		1		1			100		
//	
//7			60		0			0			0		1		1		1			100		
//8			60		0			0			0		1		1		1			100		
//9			60		0			0			0		1		1		1			100		
//11			60		0			0			0		1		1		1			100		

end