//=================================================
// Config : DUY ĐẠT
// Zalo: DUY ĐẠT - 0961.87.37.67
//=================================================
0
//EventName              DropZen   ItemDropRate   ItemDropCount   SetItemDropRate   ItemDropType   Fireworks	
"Purple Candy Box"	 1000	   100		  1		  0		    0		   0
end

1
//Section   Type   MinLevel   MaxLevel   Skill   Luck   Option   Excellent	Rate
//0           3      6          9          1       1      1        0			100
//0           7      6          9          1       1      1        0          100
//0           8      6          9          1       1      1        0          100
//0           5      6          9          1       1      1        0          100
//0           10     6          9          1       1      1        0          100
//0           11     6          9          1       1      1        0          100
//1           3      6          9          1       1      1        0          100
//1           5      6          9          1       1      1        0          100
//1           6      6          9          1       1      1        0          100
//2           1      6          9          1       1      1        0          100
//2           3      6          9          1       1      1        0          100
//3           2      6          9          1       1      1        0          100
//3           0      6          9          1       1      1        0          100
//4           2      6          9          1       1      1        0          100
//4           4      6          9          1       1      1        0          100
//4           9      6          9          1       1      1        0          100
//4           10     6          9          1       1      1        0          100
//4           12     6          9          1       1      1        0          100
//5           0      6          9          1       1      1        0          100
//5           2      6          9          1       1      1        0          100
//5           3      6          9          1       1      1        0          100
//2           8      6          9          1       1      1        0          100
//7           5      6          9          0       1      1        0          100
//8           5      6          9          0       1      1        0          100
//9           5      6          9          0       1      1        0          100
//10          5      6          9          0       1      1        0          100
//11          5      6          9          0       1      1        0          100
//7           2      6          9          0       1      1        0          100
//8           2      6          9          0       1      1        0          100
//9           2      6          9          0       1      1        0          100
//10          2      6          9          0       1      1        0          100
//11          2      6          9          0       1      1        0          100
//7           10     6          9          0       1      1        0          100
//8           10     6          9          0       1      1        0          100
//9           10     6          9          0       1      1        0          100
//10          10     6          9          0       1      1        0          100
//11          10     6          9          0       1      1        0          100
//7           6      6          9          0       1      1        0          100
//8           6      6          9          0       1      1        0          100
//9           6      6          9          0       1      1        0          100
//10          6      6          9          0       1      1        0          100
//11          6      6          9          0       1      1        0          100
//7           8      6          9          0       1      1        0          100
//8           8      6          9          0       1      1        0          100
//9           8      6          9          0       1      1        0          100
//10          8      6          9          0       1      1        0          100
//11          8      6          9          0       1      1        0          100
//7           4      6          9          0       1      1        0          100
//8           4      6          9          0       1      1        0          100
//9           4      6          9          0       1      1        0          100
//10          4      6          9          0       1      1        0          100
//11          4      6          9          0       1      1        0          100
//7           7      6          9          0       1      1        0          100
//8           7      6          9          0       1      1        0          100
//9           7      6          9          0       1      1        0          100
//10          7      6          9          0       1      1        0          100
//11          7      6          9          0       1      1        0          100
//7           11     6          9          0       1      1        0          100
//8           11     6          9          0       1      1        0          100
//9           11     6          9          0       1      1        0          100
//10          11     6          9          0       1      1        0          100
//11          11     6          9          0       1      1        0          100
//7           13     6          9          0       1      1        0          100
//8           13     6          9          0       1      1        0          100
//9           13     6          9          0       1      1        0          100
//10          13     6          9          0       1      1        0          100
//11          13     6          9          0       1      1        0          100
//7           9      6          9          0       1      1        0          100
//8           9      6          9          0       1      1        0          100
//9           9      6          9          0       1      1        0          100
//10          9      6          9          0       1      1        0          100
//11          9      6          9          0       1      1        0          100
//6           9      6          9          1       1      1        0          100
//6           3      6          9          1       1      1        0          100
//6           6      6          9          1       1      1        0          100
//6           5      6          9          1       1      1        0          100
//6           8      6          9          1       1      1        0          100
//0           5      0          0          1       1      1        1          100
//0           10     0          0          1       1      1        1          100
//1           6      0          0          1       1      1        1          100
//3           0      0          0          1       1      1        1          100
//4           3      0          0          1       1      1        1          100
//4           11     0          0          1       1      1        1          100
//5           2      0          0          1       1      1        1          100
//7           0      0          0          0       1      1        1          100
//8           0      0          0          0       1      1        1          100
//9           0      0          0          0       1      1        1          100
//10          0      0          0          0       1      1        1          100
//11          0      0          0          0       1      1        1          100
//7           11     0          0          0       1      1        1          100
//8           11     0          0          0       1      1        1          100
//9           11     0          0          0       1      1        1          100
//10          11     0          0          0       1      1        1          100
//11          11     0          0          0       1      1        1          100
//7           4      0          0          0       1      1        1          100
//8           4      0          0          0       1      1        1          100
//9           4      0          0          0       1      1        1          100
//10          4      0          0          0       1      1        1          100
//11          4      0          0          0       1      1        1          100
//6           9      0          0          1       0      0        1          100
//6           8      0          0          1       0      0        1          100
//12          15     0          0          0       0      0        0          100
//14          13     0          0          0       0      0        0          100
//14          14     0          0          0       0      0        0          100
//14          19     3          4          0       0      0        0          100
//13          18     4          5          0       0      0        0          100
//14          28     3          5          0       0      0        0          100
end