//=================================================
// Config : DUY ĐẠT
// Zalo: DUY ĐẠT - 0961.87.37.67
//=================================================
0
//EventName              DropZen   ItemDropRate   ItemDropCount   SetItemDropRate   ItemDropType   Fireworks	
"Blue Candy Box"	 1000	   100		  1		  0		    0		   0
end

1
//Section   Type   MinLevel   MaxLevel   Skill   Luck   Option   Excellent	Rate
//0           31     6          8          1       1      1        0			100
//2           11     6          8          1       1      1        0          100
//5           9      6          8          1       1      1        0          100
//4           17     6          8          1       1      1        0          100
//4           22     6          8          1       1      1        0          100
//0           20     5          7          1       1      1        0          100
//0           25     6          8          1       1      1        0          100
//5           13     6          8          1       1      1        0          100
//2           15     6          8          1       1      1        0          100
//7           17     6          8          0       1      1        0          100
//8           17     6          8          0       1      1        0          100
//9           17     6          8          0       1      1        0          100
//10          17     6          8          0       1      1        0          100
//11          17     6          8          0       1      1        0          100
//7           24     6          8          0       1      1        0          100
//8           24     6          8          0       1      1        0          100
//9           24     6          8          0       1      1        0          100
//10          24     6          8          0       1      1        0          100
//11          24     6          8          0       1      1        0          100
//8           37     6          8          0       1      1        0          100
//9           37     6          8          0       1      1        0          100
//10          37     6          8          0       1      1        0          100
//11          37     6          8          0       1      1        0          100
//7           38     6          8          0       1      1        0          100
//8           38     6          8          0       1      1        0          100
//9           38     6          8          0       1      1        0          100
//10          38     6          8          0       1      1        0          100
//11          38     6          8          0       1      1        0          100
//10          21     5          6          0       1      1        0          100
//11          21     5          6          0       1      1        0          100
//10          22     5          6          0       1      1        0          100
//11          22     5          6          0       1      1        0          100
//0           16     0          0          1       1      1        1          100
//2           5      0          0          1       1      1        1          100
//0           31     0          0          1       1      1        1          100
//4           14     0          0          1       1      1        1          100
//4           16     0          0          1       1      1        1          100
//5           8      0          0          1       1      1        1          100
//2           10     0          0          1       1      1        1          100
//7           16     0          0          0       1      1        1          100
//8           16     0          0          0       1      1        1          100
//9           16     0          0          0       1      1        1          100
//10          16     0          0          0       1      1        1          100
//11          16     0          0          0       1      1        1          100
//7           18     0          0          0       1      1        1          100
//8           18     0          0          0       1      1        1          100
//9           18     0          0          0       1      1        1          100
//10          18     0          0          0       1      1        1          100
//11          18     0          0          0       1      1        1          100
//7           19     0          0          0       1      1        1          100
//8           19     0          0          0       1      1        1          100
//9           19     0          0          0       1      1        1          100
//10          19     0          0          0       1      1        1          100
//11          19     0          0          0       1      1        1          100
//7           27     0          0          0       1      1        1          100
//8           27     0          0          0       1      1        1          100
//9           27     0          0          0       1      1        1          100
//10          27     0          0          0       1      1        1          100
//11          27     0          0          0       1      1        1          100
//6           13     0          0          1       0      0        1          100
//6           14     0          0          1       0      0        1          100
//6           16     0          0          1       0      0        1          100
//6           15     0          0          1       0      0        1          100
//13          8      0          0          0       0      0        1          100
//13          9      0          0          0       0      0        1          100
//13          21     0          0          0       0      0        1          100
//13          12     0          0          0       0      0        1          100
//13          13     0          0          0       0      0        1          100
//13          25     0          0          0       0      0        1          100
//14          13     0          0          0       0      0        0          100
//14          14     0          0          0       0      0        0          100
//14          16     0          0          0       0      0        0          100
//14          22     0          0          0       0      0        0          100
//12          15     0          0          0       0      0        0          100
//14          42     0          0          0       0      0        0          100
//14          19     5          6          0       0      0        0          100
//13          18     6          7          0       0      0        0          100
//14          28     7          7          0       0      0        0          100
//13          51     4          5          0       0      0        0          100
end