
8 	23 	9	0 	0 	1 	7   63	0	0	0	255	255	255	255	255		//Áo
9 	23 	9	0 	0 	1	7   63	0	0	0	255	255	255	255	255		//Quần
10 	23 	9	0 	0 	1 	7   63	0	0	0	255	255	255	255	255		//Tay
11 	23 	9	0 	0 	1 	7   63	0	0	0	255	255	255	255	255		//Giày
0 	20	9	0 	1 	1 	7   63  0	0	0	255	255	255	255	255		//DDao
0 	21 	9	0 	1 	1 	7   63  0	0	0	255	255	255	255	255		//dao


15		29		0		0		0		0		0		0		0		0		0		255		255		255		255		255		//Bão Ánh Sáng
12		16		0		0		0		0		0		0		0		0		0		255		255		255		255		255		//Ngọc Chém Lửa
12		13		0		0		0		0		0		0		0		0		0		255		255		255		255		255		//Ngọc Đâm Xoáy
12		47		0		0		0		0		0		0		0		0		0		255		255		255		255		255		//Ngọc Kiếm Lửa
end
