0
0	6	613	0	0	610	611	0	0	0	0	1	1	10	65	3000000	1	32	0	0	0	0	0	0	0	0	0	0	0	0	0	0	0	0	0	0	0	0	0	0	0	0	0	0	0	0	0	0	0	0	0	0	0	0	0	0	0	0	0	0	0	0	0	0	0	0	0	0	0	0	0	0	0	0	0	0	0	0	0	0	0	0	65	65	85	0	7190	7190	0	255	0	255	0	255	1	1	0	6159	6159	0	255	0	255	0	255	1	1	0	0	0	0	0	0	0	0	0	0	0	0	0	0	0	0	0	0	0	0	0	0	0	0	0	0	0	0	0	0	0	0	0	0	0	0	0	0	0	0	0	0	0	0	0	0	0	0	0	0	0	0	0	0	0	0	0	0	0	0	0	0	0	0	0	0	0	2
1	3	604	0	0	606	607	608	0	0	0	5	4	10	65	2000000	3	0	1112014848	1	0	64	0	0	0	0	0	0	0	0	0	0	0	0	0	0	0	0	0	0	0	0	0	0	0	0	0	0	0	0	0	0	0	0	0	0	0	0	0	0	0	0	0	0	0	0	0	0	0	0	0	0	0	0	0	0	0	0	0	0	0	0	69	65	65	0	0	7167	9	9	0	255	0	255	1	1	1	6159	6159	0	255	0	255	0	255	1	1	0	7181	7181	0	255	0	255	0	255	1	1	0	7182	7182	0	255	0	255	0	255	1	1	0	0	0	0	0	0	0	0	0	0	0	0	0	0	0	0	0	0	0	0	0	0	0	0	0	0	0	0	0	0	0	0	0	0	0	0	0	0	0	0	0	0	0	0	0	4
2	3	604	0	0	606	607	608	0	0	0	5	4	10	65	2000000	3	0	1112014848	1	0	64	0	0	0	0	0	0	0	0	0	0	0	0	0	0	0	0	0	0	0	0	0	0	0	0	0	0	0	0	0	0	0	0	0	0	0	0	0	0	0	0	0	0	0	0	0	0	0	0	0	0	0	0	0	0	0	0	0	0	0	0	69	65	65	0	0	7167	9	9	0	255	0	255	1	1	4	6159	6159	0	255	0	255	0	255	1	1	0	7181	7181	0	255	0	255	0	255	1	1	0	7182	7182	0	255	0	255	0	255	1	1	0	0	0	0	0	0	0	0	0	0	0	0	0	0	0	0	0	0	0	0	0	0	0	0	0	0	0	0	0	0	0	0	0	0	0	0	0	0	0	0	0	0	0	0	0	4
3	3	604	0	0	606	607	608	0	0	0	5	4	10	65	2000000	3	0	1112014848	1	0	64	0	0	0	0	0	0	0	0	0	0	0	0	0	0	0	0	0	0	0	0	0	0	0	0	0	0	0	0	0	0	0	0	0	0	0	0	0	0	0	0	0	0	0	0	0	0	0	0	0	0	0	0	0	0	0	0	0	0	0	0	69	65	65	0	0	7167	9	9	0	255	0	255	1	1	2	6159	6159	0	255	0	255	0	255	1	1	0	7181	7181	0	255	0	255	0	255	1	1	0	7182	7182	0	255	0	255	0	255	1	1	0	0	0	0	0	0	0	0	0	0	0	0	0	0	0	0	0	0	0	0	0	0	0	0	0	0	0	0	0	0	0	0	0	0	0	0	0	0	0	0	0	0	0	0	0	4
4	3	604	0	0	606	607	608	0	0	0	5	4	10	65	2000000	3	0	1109393408	1	0	64	0	0	0	0	0	0	0	0	0	0	0	0	0	0	0	0	0	0	0	0	0	0	0	0	0	0	0	0	0	0	0	0	0	0	0	0	0	0	0	0	0	0	0	0	0	0	0	0	0	0	0	0	0	0	0	0	0	0	0	0	69	65	65	0	0	7167	9	9	0	255	0	255	1	1	16	6159	6159	0	255	0	255	0	255	1	1	0	7181	7181	0	255	0	255	0	255	1	1	0	7182	7182	0	255	0	255	0	255	1	1	0	0	0	0	0	0	0	0	0	0	0	0	0	0	0	0	0	0	0	0	0	0	0	0	0	0	0	0	0	0	0	0	0	0	0	0	0	0	0	0	0	0	0	0	0	4
5	3	604	0	0	606	607	608	0	0	0	5	4	10	65	2000000	3	0	1114636288	1	0	64	0	0	0	0	0	0	0	0	0	0	0	0	0	0	0	0	0	0	0	0	0	0	0	0	0	0	0	0	0	0	0	0	0	0	0	0	0	0	0	0	0	0	0	0	0	0	0	0	0	0	0	0	0	0	0	0	0	0	0	0	69	65	65	0	0	7167	9	9	0	255	0	255	1	1	0	6159	6159	0	255	0	255	0	255	1	1	0	7181	7181	0	255	0	255	0	255	1	1	0	7182	7182	0	255	0	255	0	255	1	1	0	0	0	0	0	0	0	0	0	0	0	0	0	0	0	0	0	0	0	0	0	0	0	0	0	0	0	0	0	0	0	0	0	0	0	0	0	0	0	0	0	0	0	0	0	4
6	4	605	0	0	606	607	608	0	0	0	5	4	10	65	4000000	3	0	1112014848	1	0	64	0	0	0	0	0	0	0	0	0	0	0	0	0	0	0	0	0	0	0	0	0	0	0	0	0	0	0	0	0	0	0	0	0	0	0	0	0	0	0	0	0	0	0	0	0	0	0	0	0	0	0	0	0	0	0	0	0	0	0	0	69	65	65	0	0	7167	10	10	0	255	0	255	1	1	1	6159	6159	0	255	0	255	0	255	1	1	0	7181	7181	0	255	0	255	0	255	2	2	0	7182	7182	0	255	0	255	0	255	2	2	0	0	0	0	0	0	0	0	0	0	0	0	0	0	0	0	0	0	0	0	0	0	0	0	0	0	0	0	0	0	0	0	0	0	0	0	0	0	0	0	0	0	0	0	0	4
7	4	605	0	0	606	607	608	0	0	0	5	4	10	65	4000000	3	0	1112014848	1	0	64	0	0	0	0	0	0	0	0	0	0	0	0	0	0	0	0	0	0	0	0	0	0	0	0	0	0	0	0	0	0	0	0	0	0	0	0	0	0	0	0	0	0	0	0	0	0	0	0	0	0	0	0	0	0	0	0	0	0	0	0	69	65	65	0	0	7167	10	10	0	255	0	255	1	1	4	6159	6159	0	255	0	255	0	255	1	1	0	7181	7181	0	255	0	255	0	255	2	2	0	7182	7182	0	255	0	255	0	255	2	2	0	0	0	0	0	0	0	0	0	0	0	0	0	0	0	0	0	0	0	0	0	0	0	0	0	0	0	0	0	0	0	0	0	0	0	0	0	0	0	0	0	0	0	0	0	4
8	4	605	0	0	606	607	608	0	0	0	5	4	10	65	4000000	3	0	1112014848	1	0	64	0	0	0	0	0	0	0	0	0	0	0	0	0	0	0	0	0	0	0	0	0	0	0	0	0	0	0	0	0	0	0	0	0	0	0	0	0	0	0	0	0	0	0	0	0	0	0	0	0	0	0	0	0	0	0	0	0	0	0	0	69	65	65	0	0	7167	10	10	0	255	0	255	1	1	2	6159	6159	0	255	0	255	0	255	1	1	0	7181	7181	0	255	0	255	0	255	2	2	0	7182	7182	0	255	0	255	0	255	2	2	0	0	0	0	0	0	0	0	0	0	0	0	0	0	0	0	0	0	0	0	0	0	0	0	0	0	0	0	0	0	0	0	0	0	0	0	0	0	0	0	0	0	0	0	0	4
9	4	605	0	0	606	607	608	0	0	0	5	4	10	65	4000000	3	0	1109393408	1	0	64	0	0	0	0	0	0	983552	16781312	0	0	0	0	0	0	0	0	0	0	0	0	0	0	0	0	0	0	0	0	0	0	0	0	0	0	0	0	0	0	0	0	0	0	0	0	0	0	0	0	0	0	0	0	0	0	0	0	0	0	0	0	69	65	65	0	0	7167	10	10	0	255	0	255	1	1	16	6159	6159	0	255	0	255	0	255	1	1	0	7181	7181	0	255	0	255	0	255	2	2	0	7182	7182	0	255	0	255	0	255	2	2	0	0	0	0	0	0	0	0	0	0	0	0	0	0	0	0	0	0	0	0	0	0	0	0	0	0	0	0	0	0	0	0	0	0	0	0	0	0	0	0	0	0	0	0	0	4
10	4	605	0	0	606	607	608	0	0	0	5	4	10	65	4000000	3	0	1114636288	1	0	64	0	0	0	0	0	0	0	0	0	0	0	0	0	0	0	0	0	0	0	0	0	0	0	0	0	0	0	0	0	0	0	0	0	0	0	0	0	0	0	0	0	0	0	0	0	0	0	0	0	0	0	0	0	0	0	0	0	0	0	0	69	65	65	0	0	7167	10	10	0	255	0	255	1	1	0	6159	6159	0	255	0	255	0	255	1	1	0	7181	7181	0	255	0	255	0	255	2	2	0	7182	7182	0	255	0	255	0	255	2	2	0	0	0	0	0	0	0	0	0	0	0	0	0	0	0	0	0	0	0	0	0	0	0	0	0	0	0	0	0	0	0	0	0	0	0	0	0	0	0	0	0	0	0	0	0	4
11	22	665	0	0	606	607	608	0	0	0	5	4	10	65	6000000	3	0	1110704128	1	0	64	0	0	0	0	0	0	0	0	0	0	0	0	0	0	0	0	0	0	0	0	0	0	0	0	0	0	0	0	0	0	0	0	0	0	0	0	0	0	0	0	0	0	0	0	0	0	0	0	0	0	0	0	0	0	0	0	0	0	0	0	69	65	65	0	0	7167	11	11	0	255	0	255	1	1	1	6159	6159	0	255	0	255	0	255	1	1	0	7181	7181	0	255	0	255	0	255	3	3	0	7182	7182	0	255	0	255	0	255	3	3	0	0	0	0	0	0	0	0	0	0	0	0	0	0	0	0	0	0	0	0	0	0	0	0	0	0	0	0	0	0	0	0	0	0	0	0	0	0	0	0	0	0	0	0	0	4
12	22	665	0	0	606	607	608	0	0	0	5	4	10	65	6000000	3	0	1110704128	1	0	64	0	0	0	0	0	0	0	0	0	0	0	0	0	0	0	0	0	0	0	0	0	0	0	0	0	0	0	0	0	0	0	0	0	0	0	0	0	0	0	0	0	0	0	0	0	0	0	0	0	0	0	0	0	0	0	0	0	0	0	0	69	65	65	0	0	7167	11	11	0	255	0	255	1	1	4	6159	6159	0	255	0	255	0	255	1	1	0	7181	7181	0	255	0	255	0	255	3	3	0	7182	7182	0	255	0	255	0	255	3	3	0	0	0	0	0	0	0	0	0	0	0	0	0	0	0	0	0	0	0	0	0	0	0	0	0	0	0	0	0	0	0	0	0	0	0	0	0	0	0	0	0	0	0	0	0	4
13	22	665	0	0	606	607	608	0	0	0	5	4	10	65	6000000	3	0	1110704128	1	0	64	0	0	0	0	0	0	0	0	0	0	0	0	0	0	0	0	0	0	0	0	0	0	0	0	0	0	0	0	0	0	0	0	0	0	0	0	0	0	0	0	0	0	0	0	0	0	0	0	0	0	0	0	0	0	0	0	0	0	0	0	69	65	65	0	0	7167	11	11	0	255	0	255	1	1	2	6159	6159	0	255	0	255	0	255	1	1	0	7181	7181	0	255	0	255	0	255	3	3	0	7182	7182	0	255	0	255	0	255	3	3	0	0	0	0	0	0	0	0	0	0	0	0	0	0	0	0	0	0	0	0	0	0	0	0	0	0	0	0	0	0	0	0	0	0	0	0	0	0	0	0	0	0	0	0	0	4
14	22	665	0	0	606	607	608	0	0	0	5	4	10	65	6000000	3	0	1108082688	1	0	64	0	0	0	0	0	0	0	0	0	0	0	0	0	0	0	0	0	0	0	0	0	0	0	0	0	0	0	0	0	0	0	0	0	0	0	0	0	0	0	0	0	0	0	0	0	0	0	0	0	0	0	0	0	0	0	0	0	0	0	0	69	65	65	0	0	7167	11	11	0	255	0	255	1	1	16	6159	6159	0	255	0	255	0	255	1	1	0	7181	7181	0	255	0	255	0	255	3	3	0	7182	7182	0	255	0	255	0	255	3	3	0	0	0	0	0	0	0	0	0	0	0	0	0	0	0	0	0	0	0	0	0	0	0	0	0	0	0	0	0	0	0	0	0	0	0	0	0	0	0	0	0	0	0	0	0	4
15	22	665	0	0	606	607	608	0	0	0	5	4	10	65	6000000	3	0	1113325568	1	0	64	0	0	0	0	0	0	0	0	0	0	0	0	0	0	0	0	0	0	0	0	0	0	0	0	0	0	0	0	0	0	0	0	0	0	1901056	16781312	0	0	0	0	0	0	0	0	0	0	0	0	0	0	0	0	0	0	0	0	0	0	0	0	69	65	65	0	0	7167	11	11	0	255	0	255	1	1	0	6159	6159	0	255	0	255	0	255	1	1	0	7181	7181	0	255	0	255	0	255	3	3	0	7182	7182	0	255	0	255	0	255	3	3	0	0	0	0	0	0	0	0	0	0	0	0	0	0	0	0	0	0	0	0	0	0	0	0	0	0	0	0	0	0	0	0	0	0	0	0	0	0	0	0	0	0	0	0	0	4
16	23	666	0	0	606	607	608	0	0	0	5	4	10	65	8000000	3	0	1110704128	1	0	64	0	0	0	0	0	0	0	0	0	0	0	0	0	0	0	0	0	0	0	0	0	0	0	0	0	0	0	0	0	0	0	0	0	0	0	0	0	0	0	0	0	0	0	0	0	0	0	0	0	0	0	0	0	0	0	0	0	0	0	0	69	65	65	0	0	7167	12	12	0	255	0	255	1	1	1	6159	6159	0	255	0	255	0	255	1	1	0	7181	7181	0	255	0	255	0	255	4	4	0	7182	7182	0	255	0	255	0	255	4	4	0	0	0	0	0	0	0	0	0	0	0	0	0	0	0	0	0	0	0	0	0	0	0	0	0	0	0	0	0	0	0	0	0	0	0	0	0	0	0	0	0	0	0	0	0	4
17	23	666	0	0	606	607	608	0	0	0	5	4	10	65	8000000	3	0	1110704128	1	0	64	0	0	0	0	0	0	0	0	0	0	0	0	0	0	0	0	0	0	0	0	0	0	0	0	0	0	0	0	0	0	0	0	0	0	0	0	0	0	0	0	0	0	0	0	0	0	0	0	0	0	0	0	0	0	0	0	0	0	0	0	69	65	65	0	0	7167	12	12	0	255	0	255	1	1	4	6159	6159	0	255	0	255	0	255	1	1	0	7181	7181	0	255	0	255	0	255	4	4	0	7182	7182	0	255	0	255	0	255	4	4	0	0	0	0	0	0	0	0	0	0	0	0	0	0	0	0	0	0	0	0	0	0	0	0	0	0	0	0	0	0	0	0	0	0	0	0	0	0	0	0	0	0	0	0	0	4
18	23	666	0	0	606	607	608	0	0	0	5	4	10	65	8000000	3	0	1110704128	1	0	64	0	0	0	0	0	0	0	0	0	0	0	0	0	0	0	0	0	0	0	0	0	0	0	0	0	0	0	0	0	0	0	0	0	0	0	0	0	0	0	0	0	0	0	0	0	0	0	0	0	0	0	0	0	0	0	0	0	0	0	0	69	65	65	0	0	7167	12	12	0	255	0	255	1	1	2	6159	6159	0	255	0	255	0	255	1	1	0	7181	7181	0	255	0	255	0	255	4	4	0	7182	7182	0	255	0	255	0	255	4	4	0	0	0	0	0	0	0	0	0	0	0	0	0	0	0	0	0	0	0	0	0	0	0	0	0	0	0	0	0	0	0	0	0	0	0	0	0	0	0	0	0	0	0	0	0	4
19	23	666	0	0	606	607	608	0	0	0	5	4	10	65	8000000	3	0	1108082688	1	0	64	0	0	0	0	0	0	0	0	0	0	0	0	0	0	0	0	0	0	0	0	0	0	0	0	0	0	0	0	0	0	0	0	0	0	0	0	0	0	0	0	0	0	0	0	0	0	0	0	0	0	0	0	0	0	0	0	0	0	0	0	69	65	65	0	0	7167	12	12	0	255	0	255	1	1	16	6159	6159	0	255	0	255	0	255	1	1	0	7181	7181	0	255	0	255	0	255	4	4	0	7182	7182	0	255	0	255	0	255	4	4	0	0	0	0	0	0	0	0	0	0	0	0	0	0	0	0	0	0	0	0	0	0	0	0	0	0	0	0	0	0	0	0	0	0	0	0	0	0	0	0	0	0	0	0	0	4
20	23	666	0	0	606	607	608	0	0	0	5	4	10	65	8000000	3	0	1113325568	1	0	64	0	0	0	0	0	0	0	0	0	0	0	0	0	0	0	0	0	0	0	0	0	0	0	0	0	0	0	0	0	0	0	0	0	0	0	0	0	0	0	0	0	0	0	0	0	0	0	0	0	0	0	0	0	0	0	0	0	0	0	0	69	65	65	0	0	7167	12	12	0	255	0	255	1	1	0	6159	6159	0	255	0	255	0	255	1	1	0	7181	7181	0	255	0	255	0	255	4	4	0	7182	7182	0	255	0	255	0	255	4	4	0	0	0	0	0	0	0	0	0	0	0	0	0	0	0	0	0	0	0	0	0	0	0	0	0	0	0	0	0	0	0	0	0	0	0	0	0	0	0	0	0	0	0	0	0	4
21	49	3086	0	0	606	607	608	0	0	0	5	4	10	65	10000000	3	0	1109393408	1	0	64	0	0	0	0	0	0	0	0	0	0	0	0	0	0	0	0	0	0	0	0	0	0	0	0	0	0	0	0	0	0	0	0	0	0	0	0	0	0	0	0	0	0	0	0	0	0	0	0	0	0	0	0	0	0	0	0	0	0	0	0	69	65	65	0	0	7167	13	13	0	255	0	255	1	1	1	6159	6159	0	255	0	255	0	1	1	1	0	7181	7181	0	255	0	255	0	1	5	5	0	7182	7182	0	255	0	255	0	1	5	5	0	0	0	0	0	0	0	0	0	0	0	0	0	0	0	0	0	0	0	0	0	0	0	0	0	0	0	0	0	0	0	0	0	0	0	0	0	0	0	0	0	0	0	0	0	4
22	49	3086	0	0	606	607	608	0	0	0	5	4	10	65	10000000	3	0	1109393408	1	0	64	0	0	0	0	0	0	0	0	0	0	0	0	0	0	0	0	0	0	0	0	0	0	0	0	0	0	0	0	0	0	0	0	0	0	0	0	0	0	0	0	0	0	0	0	0	0	0	0	0	0	0	0	0	0	0	0	0	0	0	0	69	65	65	0	0	7167	13	13	0	255	0	255	1	1	4	6159	6159	0	255	0	255	0	1	1	1	0	7181	7181	0	255	0	255	0	1	5	5	0	7182	7182	0	255	0	255	0	1	5	5	0	0	0	0	0	0	0	0	0	0	0	0	0	0	0	0	0	0	0	0	0	0	0	0	0	0	0	0	0	0	0	0	0	0	0	0	0	0	0	0	0	0	0	0	0	4
23	49	3086	0	0	606	607	608	0	0	0	5	4	10	65	10000000	3	0	1109393408	1	0	64	0	0	0	0	0	0	0	0	0	0	0	0	0	0	0	0	0	0	0	0	0	0	0	0	0	0	0	0	0	0	0	0	0	0	0	0	0	0	0	0	0	0	0	0	0	0	0	0	0	0	0	0	0	0	0	0	0	0	0	0	69	65	65	0	0	7167	13	13	0	255	0	255	1	1	2	6159	6159	0	255	0	255	0	1	1	1	0	7181	7181	0	255	0	255	0	1	5	5	0	7182	7182	0	255	0	255	0	1	5	5	0	0	0	0	0	0	0	0	0	0	0	0	0	0	0	0	0	0	0	0	0	0	0	0	0	0	0	0	0	0	0	0	0	0	0	0	0	0	0	0	0	0	0	0	0	4
24	49	3086	0	0	606	607	608	0	0	0	5	4	10	65	10000000	3	0	1106247680	1	0	64	0	0	0	0	0	0	0	0	0	0	0	0	0	0	0	0	0	0	0	0	0	0	0	0	0	0	0	0	0	0	0	0	0	0	0	0	0	0	0	0	0	0	0	0	0	0	0	0	0	0	0	0	0	0	0	0	0	0	0	0	69	65	65	0	0	7167	13	13	0	255	0	255	1	1	16	6159	6159	0	255	0	255	0	1	1	1	0	7181	7181	0	255	0	255	0	1	5	5	0	7182	7182	0	255	0	255	0	1	5	5	0	0	0	0	0	0	0	0	0	0	0	0	0	0	0	0	0	0	0	0	0	0	0	0	0	0	0	0	0	0	0	0	0	0	0	0	0	0	0	0	0	0	0	0	0	4
25	49	3086	0	0	606	607	608	0	0	0	5	4	10	65	10000000	3	0	1112014848	1	0	64	0	0	0	0	0	0	0	0	0	0	0	0	0	0	0	0	0	0	0	0	0	0	0	0	0	0	0	0	0	0	0	0	0	0	0	0	0	0	0	0	0	0	0	0	0	0	0	0	0	0	0	0	0	0	0	0	0	0	0	0	69	65	65	0	0	7167	13	13	0	255	0	255	1	1	0	6159	6159	0	255	0	255	0	1	1	1	0	7181	7181	0	255	0	255	0	1	5	5	0	7182	7182	0	255	0	255	0	1	5	5	0	0	0	0	0	0	0	0	0	0	0	0	0	0	0	0	0	0	0	0	0	0	0	0	0	0	0	0	0	0	0	0	0	0	0	0	0	0	0	0	0	0	0	0	0	4
26	50	3087	0	0	606	607	608	0	0	0	5	4	10	65	12000000	3	0	1109393408	1	0	64	0	0	0	0	0	0	0	0	0	0	0	0	0	0	0	0	0	0	0	0	0	0	0	0	0	0	0	0	0	0	0	0	0	0	0	0	0	0	0	0	0	0	0	0	0	0	0	0	0	0	0	0	0	0	0	0	0	0	0	0	69	65	65	0	0	7167	14	14	0	255	0	255	1	1	1	6159	6159	0	255	0	255	0	1	1	1	0	7181	7181	0	255	0	255	0	1	6	6	0	7182	7182	0	255	0	255	0	1	6	6	0	0	0	0	0	0	0	0	0	0	0	0	0	0	0	0	0	0	0	0	0	0	0	0	0	0	0	0	0	0	0	0	0	0	0	0	0	0	0	0	0	0	0	0	0	4
27	50	3087	0	0	606	607	608	0	0	0	5	4	10	65	12000000	3	0	1109393408	1	0	64	0	0	0	0	0	0	0	0	0	0	0	0	0	0	0	0	0	0	0	0	0	0	0	0	0	0	0	0	0	0	0	0	0	0	0	0	0	0	0	0	0	0	0	0	0	0	0	0	0	0	0	0	0	0	0	0	0	0	0	0	69	65	65	0	0	7167	14	14	0	255	0	255	1	1	4	6159	6159	0	255	0	255	0	1	1	1	0	7181	7181	0	255	0	255	0	1	6	6	0	7182	7182	0	255	0	255	0	1	6	6	0	0	0	0	0	0	0	0	0	0	0	0	0	0	0	0	0	0	0	0	0	0	0	0	0	0	0	0	0	0	0	0	0	0	0	0	0	0	0	0	0	0	0	0	0	4
28	50	3087	0	0	606	607	608	0	0	0	5	4	10	65	12000000	3	0	1109393408	1	0	64	0	0	0	0	0	0	0	0	0	0	0	0	0	0	0	0	0	0	0	0	0	0	0	0	0	0	0	0	0	0	0	0	0	0	0	0	0	0	0	0	0	0	0	0	0	0	0	0	0	0	0	0	0	0	0	0	0	0	0	0	69	65	65	0	0	7167	14	14	0	255	0	255	1	1	2	6159	6159	0	255	0	255	0	1	1	1	0	7181	7181	0	255	0	255	0	1	6	6	0	7182	7182	0	255	0	255	0	1	6	6	0	0	0	0	0	0	0	0	0	0	0	0	0	0	0	0	0	0	0	0	0	0	0	0	0	0	0	0	0	0	0	0	0	0	0	0	0	0	0	0	0	0	0	0	0	4
29	50	3087	0	0	606	607	608	0	0	0	5	4	10	65	12000000	3	0	1106247680	1	0	64	0	0	0	0	0	0	0	0	0	0	0	0	0	0	0	0	0	0	0	0	0	0	0	0	0	0	0	0	0	0	0	0	0	0	0	0	0	0	0	0	0	0	0	0	0	0	0	0	0	0	0	0	0	0	0	0	0	0	0	0	69	65	65	0	0	7167	14	14	0	255	0	255	1	1	16	6159	6159	0	255	0	255	0	1	1	1	0	7181	7181	0	255	0	255	0	1	6	6	0	7182	7182	0	255	0	255	0	1	6	6	0	0	0	0	0	0	0	0	0	0	0	0	0	0	0	0	0	0	0	0	0	0	0	0	0	0	0	0	0	0	0	0	0	0	0	0	0	0	0	0	0	0	0	0	0	4
30	50	3087	0	0	606	607	608	0	0	0	5	4	10	65	12000000	3	0	1112014848	1	0	64	0	0	0	0	0	0	0	0	0	0	0	0	0	0	0	0	0	0	0	0	0	0	0	0	0	0	0	0	0	0	0	0	0	0	0	0	0	0	0	0	0	0	0	0	0	0	0	0	0	0	0	0	0	0	0	0	0	0	0	0	69	65	65	0	0	7167	14	14	0	255	0	255	1	1	0	6159	6159	0	255	0	255	0	1	1	1	0	7181	7181	0	255	0	255	0	1	6	6	0	7182	7182	0	255	0	255	0	1	6	6	0	0	0	0	0	0	0	0	0	0	0	0	0	0	0	0	0	0	0	0	0	0	0	0	0	0	0	0	0	0	0	0	0	0	0	0	0	0	0	0	0	0	0	0	0	4
31	11	614	0	0	610	611	0	0	0	0	5	4	10	66	10000	3	33	0	4	0	0	1184645120	0	0	0	0	0	0	0	0	0	0	0	0	0	0	0	0	0	0	0	0	0	0	0	0	0	0	0	0	0	0	0	0	0	0	0	0	0	0	0	0	0	0	0	0	0	0	0	0	0	0	0	0	0	0	0	0	0	0	0	65	65	85	0	1030	1030	4	255	4	255	0	255	1	1	0	6159	6159	0	255	0	255	0	255	1	1	0	7182	7182	0	255	0	255	0	255	0	255	0	7181	7181	0	255	0	255	0	255	0	255	0	0	6143	4	255	4	255	0	255	0	255	0	0	0	0	0	0	0	0	0	0	0	0	0	0	0	0	0	0	0	0	0	0	0	0	0	0	0	0	0	0	0	0	0	0	5
32	11	614	0	0	610	611	0	0	0	0	5	4	10	66	10000	3	33	0	4	0	0	1184645120	0	0	0	0	0	0	0	0	0	0	0	0	0	0	0	0	0	0	0	0	0	0	0	0	0	0	0	0	0	0	0	0	0	0	0	0	0	0	0	0	0	0	0	0	0	0	0	0	0	0	0	0	0	0	0	0	0	0	0	65	65	85	0	2054	2054	4	255	4	255	0	255	1	1	0	6159	6159	0	255	0	255	0	255	1	1	0	7182	7182	0	255	0	255	0	255	0	255	0	7181	7181	0	255	0	255	0	255	0	255	0	0	6143	4	255	4	255	0	255	0	255	0	0	0	0	0	0	0	0	0	0	0	0	0	0	0	0	0	0	0	0	0	0	0	0	0	0	0	0	0	0	0	0	0	0	5
33	11	614	0	0	610	611	0	0	0	0	5	4	10	66	10000	3	33	0	4	0	0	1184645120	0	0	0	0	0	0	0	0	0	0	0	0	0	0	0	0	0	0	0	0	0	0	0	0	0	0	0	0	0	0	0	0	0	0	0	0	0	0	0	0	0	0	0	0	0	0	0	0	0	0	0	0	0	0	0	0	0	0	0	65	65	85	0	2567	2567	4	255	4	255	0	255	1	1	0	6159	6159	0	255	0	255	0	255	1	1	0	7182	7182	0	255	0	255	0	255	0	255	0	7181	7181	0	255	0	255	0	255	0	255	0	0	6143	4	255	4	255	0	255	0	255	0	0	0	0	0	0	0	0	0	4653568	16781312	0	0	0	0	0	0	0	0	0	0	0	0	0	0	0	0	0	0	0	0	0	0	0	5
34	7	614	0	0	610	611	0	0	0	0	5	4	10	65	5000000	13	7	0	5	0	34	0	4	0	0	1249125376	6	0	1	0	7	0	5	0	35	0	4	0	0	1193033728	6	0	0	0	0	0	0	0	0	0	0	0	0	0	0	0	0	0	0	0	0	0	0	0	0	0	0	0	0	0	0	0	0	0	0	0	0	0	0	0	0	65	65	85	0	6144	6146	0	255	0	255	0	255	1	1	0	6670	6670	0	0	0	255	0	255	1	1	0	6159	6159	0	255	0	255	0	255	1	1	0	0	6143	4	255	0	255	0	255	0	255	1	0	0	0	0	0	0	0	0	0	0	0	0	0	0	0	0	0	0	0	0	0	0	0	0	0	0	0	0	0	0	0	0	0	0	0	0	0	0	0	0	0	0	0	0	4
35	7	614	0	0	610	611	0	0	0	0	5	4	10	65	5000000	13	7	0	5	0	34	0	4	0	0	1249125376	6	0	1	0	7	0	5	0	35	0	4	0	0	1193033728	6	0	0	0	0	0	0	0	0	0	0	0	0	0	0	0	0	0	0	0	0	0	0	0	0	0	0	0	0	0	0	0	0	0	0	0	0	0	0	0	0	65	65	85	0	6185	6185	0	255	0	255	0	255	1	1	0	6670	6670	0	0	0	255	0	255	1	1	0	6159	6159	0	255	0	255	0	255	1	1	0	0	6143	4	255	0	255	0	255	0	255	1	0	0	0	0	0	0	0	0	0	0	0	0	0	0	0	0	0	0	0	0	0	0	0	0	0	0	0	0	0	0	0	0	0	0	0	0	0	0	0	0	0	0	0	0	4
36	5	612	0	0	610	611	0	0	0	0	1	1	10	65	500000	1	32	0	0	0	0	0	0	0	0	0	0	0	0	0	0	0	0	0	0	0	0	0	0	0	0	0	0	0	0	0	0	0	0	0	0	0	0	0	0	0	0	0	0	0	0	0	0	0	0	0	0	0	0	0	0	0	0	0	0	0	0	0	0	0	30	65	85	85	0	6658	6658	0	255	0	255	0	255	10	10	0	6159	6159	0	255	0	255	0	255	1	1	0	0	0	0	0	0	0	0	0	0	0	0	0	0	0	0	0	0	0	0	0	0	0	0	0	0	0	0	0	0	0	0	0	0	0	0	0	0	0	0	0	0	0	0	0	0	0	0	0	0	0	0	0	0	0	0	0	0	0	0	0	0	0	0	0	0	0	2
37	8	615	0	0	610	611	0	600	0	0	2	2	15	65	50000	1	32	0	0	0	0	0	0	0	0	0	0	0	0	0	0	0	0	0	0	0	0	0	0	0	0	0	0	0	0	0	0	0	0	0	0	0	0	0	0	0	0	0	0	0	0	0	0	0	0	0	0	0	0	0	0	0	0	0	0	0	0	0	0	0	0	70	65	85	0	6672	6672	1	1	0	255	0	255	1	1	0	6673	6673	1	1	0	255	0	255	1	1	0	6159	6159	0	255	0	255	0	255	1	1	0	0	0	0	0	0	0	0	0	0	0	0	0	0	0	0	0	0	0	0	0	0	0	0	0	0	0	0	0	0	0	0	0	0	0	0	0	0	0	0	0	0	0	0	0	0	0	0	0	0	0	0	0	0	0	0	3
38	8	615	0	0	610	611	0	600	0	0	2	2	15	65	80000	1	32	0	0	0	0	0	0	0	0	0	0	0	0	0	0	0	0	0	0	0	0	0	0	0	0	0	0	0	0	0	0	0	0	0	0	0	0	0	0	0	0	0	0	0	0	0	0	0	0	0	0	0	0	0	0	0	0	0	0	0	0	0	0	0	0	70	65	85	0	6672	6672	2	2	0	255	0	255	1	1	0	6673	6673	2	2	0	255	0	255	1	1	0	6159	6159	0	255	0	255	0	255	1	1	0	0	0	0	0	0	0	0	0	0	0	0	0	0	0	0	0	0	0	0	0	0	0	0	0	0	0	0	0	0	0	0	0	0	0	0	0	0	0	0	0	0	0	0	0	0	0	0	0	0	0	0	0	0	0	0	3
39	8	615	0	0	610	611	0	600	0	0	2	2	15	65	150000	1	32	0	0	0	0	0	0	0	0	0	0	0	0	0	0	0	0	0	0	0	0	0	0	0	0	0	0	0	0	0	0	0	0	0	0	0	0	0	0	0	0	0	0	0	0	0	0	0	0	0	0	0	0	0	0	0	0	0	0	0	0	0	0	0	0	70	65	85	0	6672	6672	3	3	0	255	0	255	1	1	0	6673	6673	3	3	0	255	0	255	1	1	0	6159	6159	0	255	0	255	0	255	1	1	0	0	0	0	0	0	0	0	0	0	0	0	0	0	0	0	0	0	0	0	0	0	0	0	0	0	0	0	0	0	0	0	0	0	0	0	0	0	0	0	0	0	0	0	0	0	0	0	0	0	0	0	0	0	0	0	3
40	8	615	0	0	610	611	0	600	0	0	2	2	15	65	250000	1	32	0	0	0	0	0	0	0	0	0	0	0	0	0	0	0	0	0	0	0	0	0	0	0	0	0	0	0	0	0	0	0	0	0	0	0	0	0	0	0	0	0	0	0	0	0	0	0	0	0	0	0	0	0	0	0	0	0	0	0	0	0	0	0	0	70	65	85	0	6672	6672	4	4	0	255	0	255	1	1	0	6673	6673	4	4	0	255	0	255	1	1	0	6159	6159	0	255	0	255	0	255	1	1	0	0	0	0	0	0	0	0	0	0	0	0	0	0	0	0	0	0	0	0	0	0	0	0	0	0	0	0	0	0	0	0	0	0	0	0	0	0	0	0	0	0	0	0	0	0	0	0	0	0	0	0	0	0	0	0	3
41	8	615	0	0	610	611	0	600	0	0	2	2	15	65	400000	1	32	0	0	0	0	0	0	0	0	0	0	0	0	0	0	0	0	0	0	0	0	0	0	0	0	0	0	0	0	0	0	0	0	0	0	0	0	0	0	0	0	0	0	0	0	0	0	0	0	0	0	0	0	0	0	0	0	0	0	0	0	0	0	0	0	70	65	85	0	6672	6672	5	5	0	255	0	255	1	1	0	6673	6673	5	5	0	255	0	255	1	1	0	6159	6159	0	255	0	255	0	255	1	1	0	0	0	0	0	0	0	0	0	0	0	0	0	0	0	0	0	0	0	0	0	0	0	0	0	0	0	0	0	0	0	0	0	0	0	0	0	0	0	0	0	0	0	0	0	0	0	0	0	0	0	0	0	0	0	0	3
42	8	615	0	0	610	611	0	600	0	0	2	2	15	65	600000	1	32	0	0	0	0	0	0	0	0	0	0	0	0	0	0	0	0	0	0	0	0	0	0	0	0	0	0	0	0	0	0	0	0	0	0	0	0	0	0	0	0	0	0	0	0	0	0	0	0	0	0	0	0	0	0	0	0	0	0	0	0	0	0	0	0	70	65	85	0	6672	6672	6	6	0	255	0	255	1	1	0	6673	6673	6	6	0	255	0	255	1	1	0	6159	6159	0	255	0	255	0	255	1	1	0	0	0	0	0	0	0	0	0	0	0	0	0	0	0	0	0	0	0	0	0	0	0	0	0	0	0	0	0	0	0	0	0	0	0	0	0	0	0	0	0	0	0	0	0	0	0	0	0	0	0	0	0	0	0	0	3
43	8	615	0	0	610	611	0	600	0	0	2	2	15	65	850000	1	32	0	0	0	0	0	0	0	0	0	0	0	0	0	0	0	0	0	0	0	0	0	0	0	0	0	0	0	0	0	0	0	0	0	0	0	0	0	0	0	0	0	0	0	0	0	0	0	0	0	0	0	0	0	0	0	0	0	0	0	0	0	0	0	0	70	65	85	0	6672	6672	7	7	0	255	0	255	1	1	0	6673	6673	7	7	0	255	0	255	1	1	0	6159	6159	0	255	0	255	0	255	1	1	0	0	0	0	0	0	0	0	0	0	0	0	0	0	0	0	0	0	0	0	0	0	0	0	0	0	0	0	0	0	0	0	0	0	0	0	0	0	0	0	0	0	0	0	0	0	0	0	0	0	0	0	0	0	0	0	3
44	8	615	0	0	610	611	0	600	0	0	2	2	15	65	1050000	1	32	0	0	0	0	0	0	0	0	0	0	0	0	0	0	0	0	0	0	0	0	0	0	0	0	0	0	0	0	0	0	0	0	0	0	0	0	0	0	0	0	0	0	0	0	0	0	0	0	0	0	0	0	0	0	0	0	0	0	0	0	0	0	0	0	70	65	85	0	6672	6672	8	8	0	255	0	255	1	1	0	6673	6673	8	8	0	255	0	255	1	1	0	6159	6159	0	255	0	255	0	255	1	1	0	0	0	0	0	0	0	0	0	0	0	0	0	0	0	0	0	0	0	0	0	0	0	0	0	0	0	0	0	0	0	0	0	0	0	0	0	0	0	0	0	0	0	0	0	0	0	0	0	0	0	0	0	0	0	0	3
45	2	603	0	0	610	611	0	600	0	0	1	1	10	65	100000	1	32	0	0	0	0	0	0	0	0	0	0	0	0	0	0	0	0	0	0	0	0	0	0	0	0	0	0	0	0	0	0	0	0	0	0	0	0	0	0	0	0	0	0	0	0	0	0	0	0	0	0	0	0	0	0	0	0	0	0	0	0	0	0	0	0	70	65	85	0	7185	7185	0	0	0	255	0	255	1	1	0	7186	7186	0	0	0	255	0	255	1	1	0	6159	6159	0	255	0	255	0	255	1	1	0	0	0	0	0	0	0	0	0	0	0	0	0	0	0	0	0	0	0	0	0	0	0	0	0	0	0	0	0	0	0	0	0	0	0	0	0	0	0	0	0	0	0	0	0	0	0	0	0	0	0	0	0	0	0	0	3
46	2	603	0	0	610	611	0	600	0	0	1	1	10	65	100000	1	32	0	0	0	0	0	0	0	0	0	0	0	0	1049088	16781312	0	0	0	0	0	0	0	0	0	0	0	0	0	0	0	0	0	0	0	0	0	0	0	0	0	0	0	0	0	0	0	0	0	0	0	0	0	0	0	0	0	0	0	0	0	0	0	0	0	0	70	65	85	0	7185	7185	1	1	0	255	0	255	1	1	0	7186	7186	1	1	0	255	0	255	1	1	0	6159	6159	0	255	0	255	0	255	1	1	0	0	0	0	0	0	0	0	0	0	0	0	0	0	0	0	0	0	0	0	0	0	0	0	0	0	0	0	0	0	0	0	0	0	0	0	0	0	0	0	0	0	0	0	0	0	0	0	0	0	0	0	0	0	0	0	3
47	2	603	0	0	610	611	0	600	0	0	1	1	10	65	200000	1	32	0	0	0	0	0	0	0	0	0	0	0	0	0	0	0	0	0	0	0	0	0	0	0	0	0	0	0	0	0	0	0	0	0	0	0	0	0	0	0	0	0	0	0	0	0	0	0	0	0	0	0	0	0	0	0	0	0	0	0	0	0	0	0	0	70	65	85	0	7185	7185	2	2	0	255	0	255	1	1	0	7186	7186	2	2	0	255	0	255	1	1	0	6159	6159	0	255	0	255	0	255	1	1	0	0	0	0	0	0	0	0	0	0	0	0	0	0	0	0	0	0	0	0	0	0	0	0	0	0	0	0	0	0	0	0	0	0	0	0	0	0	0	0	0	0	0	0	0	0	0	0	0	0	0	0	0	0	0	0	3
48	2	603	0	0	610	611	0	600	0	0	1	1	10	65	400000	1	32	0	0	0	0	0	0	0	0	0	0	0	0	0	0	0	0	0	0	0	0	0	0	0	0	0	0	0	0	0	0	0	0	0	0	0	0	0	0	0	0	0	0	0	0	0	0	0	0	0	0	0	0	0	0	0	0	0	0	0	0	0	0	0	0	70	65	85	0	7185	7185	3	3	0	255	0	255	1	1	0	7186	7186	3	3	0	255	0	255	1	1	0	6159	6159	0	255	0	255	0	255	1	1	0	0	0	0	0	0	0	0	0	0	0	0	0	0	0	0	0	0	0	0	0	0	0	0	0	0	0	0	0	0	0	0	0	0	0	0	0	0	0	0	0	0	0	0	0	0	0	0	0	0	0	0	0	0	0	0	3
49	2	603	0	0	610	611	0	600	0	0	1	1	10	65	700000	1	32	0	0	0	0	0	0	0	0	0	0	0	0	0	0	0	0	0	0	0	0	0	0	0	0	0	0	0	0	0	0	0	0	0	0	0	0	0	0	0	0	0	0	0	0	0	0	0	0	0	0	0	0	0	0	0	0	0	0	0	0	0	0	0	0	70	65	85	0	7185	7185	4	4	0	255	0	255	1	1	0	7186	7186	4	4	0	255	0	255	1	1	0	6159	6159	0	255	0	255	0	255	1	1	0	0	0	0	0	0	0	0	0	0	0	0	0	0	0	0	0	0	0	0	0	0	0	0	0	0	0	0	0	0	0	0	0	0	0	0	0	0	0	0	0	0	0	0	0	0	0	0	0	0	0	0	0	0	0	0	3
50	2	603	0	0	610	611	0	600	0	0	1	1	10	65	1100000	1	32	0	0	0	0	0	0	0	0	0	0	0	0	0	0	0	0	0	0	0	0	0	0	0	0	0	0	0	0	0	0	0	0	0	0	0	0	0	0	0	0	0	0	0	0	0	0	0	0	0	0	0	0	0	0	0	0	0	0	0	0	0	0	0	0	70	65	85	0	7185	7185	5	5	0	255	0	255	1	1	0	7186	7186	5	5	0	255	0	255	1	1	0	6159	6159	0	255	0	255	0	255	1	1	0	0	0	0	0	0	0	0	0	0	0	0	0	0	0	0	0	0	0	0	0	0	0	0	0	0	0	0	0	0	0	0	0	0	0	0	0	0	0	0	0	0	0	0	0	0	0	0	0	0	0	0	0	0	0	0	3
51	2	603	0	0	610	611	0	600	0	0	1	1	10	65	1600000	1	32	0	0	0	0	0	0	0	0	0	0	0	0	0	0	0	0	0	0	0	0	0	0	0	0	0	0	0	0	0	0	0	0	0	0	0	0	0	0	0	0	0	0	0	0	0	0	0	0	0	0	0	0	0	0	0	0	0	0	0	0	0	0	0	0	70	65	85	0	7185	7185	6	6	0	255	0	255	1	1	0	7186	7186	6	6	0	255	0	255	1	1	0	6159	6159	0	255	0	255	0	255	1	1	0	0	0	0	0	0	0	0	0	0	0	0	0	0	0	0	0	0	0	0	0	0	0	0	0	0	0	0	0	0	0	0	0	0	0	0	0	0	0	0	0	0	0	0	0	0	0	0	0	0	0	0	0	0	0	0	3
52	2	603	0	0	610	611	0	600	0	0	1	1	10	65	2000000	1	32	0	0	0	0	0	0	0	0	0	0	0	0	0	0	0	0	0	0	0	0	0	0	0	0	0	0	0	0	0	0	0	0	0	0	0	0	0	0	0	0	1966592	16781312	0	0	0	0	0	0	0	0	0	0	0	0	0	0	0	0	0	0	0	0	0	0	70	65	85	0	7185	7185	7	7	0	255	0	255	1	1	0	7186	7186	7	7	0	255	0	255	1	1	0	6159	6159	0	255	0	255	0	255	1	1	0	0	0	0	0	0	0	0	0	0	0	0	0	0	0	0	0	0	0	0	0	0	0	0	0	0	0	0	0	0	0	0	0	0	0	0	0	0	0	0	0	0	0	0	0	0	0	0	0	0	0	0	0	0	0	0	3
53	24	1172	0	0	610	611	0	0	0	0	3	3	10	65	5000000	13	7	0	5	0	34	0	4	0	0	1249125376	6	0	1	0	7	0	5	0	35	0	4	0	0	1193033728	6	0	0	0	0	0	0	0	0	0	0	0	0	0	0	0	0	0	0	0	0	0	0	0	0	0	0	0	0	0	0	0	0	0	0	0	0	0	0	0	0	65	65	85	0	6144	6146	0	255	0	255	0	255	1	1	0	6670	6670	1	1	0	255	0	255	1	1	0	6159	6159	0	255	0	255	0	255	1	1	0	0	6143	4	255	0	255	0	255	0	255	1	0	0	0	0	0	0	0	0	0	0	0	0	0	0	0	0	0	0	0	0	0	0	0	0	0	0	0	0	0	0	0	0	0	0	0	0	0	0	0	0	0	0	0	0	4
54	24	1172	0	0	610	611	0	0	0	0	3	3	10	65	5000000	13	7	0	5	0	34	0	4	0	0	1249125376	6	0	1	0	7	0	5	0	35	0	4	0	0	1193033728	6	0	0	0	0	0	0	0	0	0	0	0	0	0	0	0	0	0	0	0	0	0	0	0	0	0	0	0	0	0	0	0	0	0	0	0	0	0	0	0	0	65	65	85	0	6185	6185	0	255	0	255	0	255	1	1	0	6670	6670	1	1	0	255	0	255	1	1	0	6159	6159	0	255	0	255	0	255	1	1	0	0	6143	4	255	0	255	0	255	0	255	1	0	0	0	0	0	0	0	0	0	0	0	0	0	0	0	0	0	0	0	0	0	0	0	0	0	0	0	0	0	0	0	0	0	0	0	0	0	0	0	0	0	0	0	0	4
55	25	1921	1412	0	610	611	0	0	0	0	1	1	10	65	0	1	32	0	0	0	0	0	0	0	0	0	0	0	0	0	0	0	0	0	0	0	0	0	0	0	0	0	0	0	0	0	0	0	0	0	0	0	0	0	0	0	0	0	0	0	0	0	0	0	0	0	0	0	0	0	0	0	0	0	0	0	0	0	0	0	0	65	65	85	0	6688	6688	0	255	0	255	0	20	1	1	0	6689	6689	0	255	0	255	0	20	1	1	0	6159	6159	0	255	0	255	0	255	1	1	0	0	0	0	0	0	0	0	0	0	0	0	0	0	0	0	0	0	0	0	0	0	0	0	0	0	0	0	0	0	0	0	0	0	0	0	0	0	0	0	0	0	0	0	0	0	0	0	0	0	0	0	0	0	0	0	3
56	26	1922	1412	0	610	611	0	0	0	0	2	2	10	65	0	1	32	0	0	0	0	0	0	0	0	0	0	0	0	0	0	0	0	0	0	0	0	0	0	0	0	0	0	0	0	0	0	0	0	0	0	0	0	0	0	0	0	0	0	0	0	0	0	0	0	0	0	0	0	0	0	0	0	0	0	0	0	0	0	0	0	65	65	85	0	6690	6690	0	255	0	255	0	10	1	1	0	6691	6691	0	255	0	255	0	255	5	5	0	6159	6159	0	255	0	255	0	255	1	1	0	0	0	0	0	0	0	0	0	0	0	0	0	0	0	0	0	0	0	0	0	0	0	0	0	0	0	0	0	0	0	0	0	0	0	0	0	0	0	0	0	0	0	0	0	0	0	0	0	0	0	0	0	0	0	0	3
57	27	1923	1412	0	610	611	0	0	0	0	2	2	10	65	10000000	1	32	0	0	0	0	0	0	0	0	0	0	0	0	0	0	0	0	0	0	0	0	0	0	0	0	0	0	0	0	0	0	0	0	0	0	0	0	0	0	0	0	0	0	0	0	0	0	0	0	0	0	0	0	0	0	0	0	0	0	0	0	0	0	0	0	65	65	85	0	6692	6692	0	255	0	255	0	255	1	1	0	7184	7184	0	255	0	255	0	255	3	3	0	6159	6159	0	255	0	255	0	255	1	1	0	0	0	0	0	0	0	0	0	0	0	0	0	0	0	0	0	0	0	0	0	0	0	0	0	0	0	0	0	0	0	0	0	0	0	0	0	0	0	0	0	0	0	0	0	0	0	0	0	0	0	0	0	0	0	0	3
58	28	1923	1863	1412	610	611	0	0	0	0	2	2	10	65	10000000	7	5	0	36	0	3	0	0	1120403456	6	0	4	0	0	1245125376	0	0	0	0	0	0	0	0	0	0	0	0	0	0	0	0	0	0	0	0	0	0	0	0	0	0	0	0	0	0	0	0	0	0	0	0	0	0	0	0	0	0	0	0	0	0	0	0	0	0	0	68	65	85	0	6693	6693	0	255	0	255	0	255	1	1	0	7184	7184	0	255	0	255	0	255	5	5	0	6159	6159	0	255	0	255	0	255	1	1	0	0	3071	4	255	4	255	0	255	1	255	0	0	0	0	0	0	0	0	0	0	0	0	0	0	0	0	0	0	0	0	0	0	0	0	0	0	0	0	0	0	0	0	0	0	0	0	0	0	0	0	0	0	0	0	0	4
59	28	1923	1864	1412	610	611	0	0	0	0	2	2	10	65	10000000	7	5	0	36	0	3	0	0	1120403456	6	0	4	0	0	1245125376	0	0	0	0	0	0	0	0	0	0	0	0	0	0	0	0	0	0	0	0	0	0	0	0	0	0	0	0	0	0	0	0	0	0	0	0	0	0	0	0	0	0	0	0	0	0	0	0	0	0	0	68	65	85	0	6693	6693	0	255	0	255	0	255	1	1	0	7184	7184	0	255	0	255	0	255	5	5	0	6159	6159	0	255	0	255	0	255	1	1	0	3072	6143	4	255	4	255	0	255	1	255	0	0	0	0	0	0	0	0	0	0	0	0	0	0	0	0	0	0	0	0	0	0	0	0	0	0	0	0	0	0	0	0	0	0	0	0	0	0	0	0	0	0	0	0	0	4
60	30	2038	1412	0	610	611	0	0	0	0	1	1	10	65	100000	1	32	0	0	0	0	0	0	0	0	0	0	0	0	0	0	0	0	0	0	0	0	0	0	0	0	0	0	0	0	0	0	0	0	0	0	0	0	0	0	0	0	0	0	0	0	0	0	0	0	0	0	0	0	0	0	0	0	0	0	0	0	0	0	0	0	65	65	85	0	7171	7171	0	255	0	255	0	255	3	3	0	0	0	0	0	0	0	0	0	0	0	0	0	0	0	0	0	0	0	0	0	0	0	0	0	0	0	0	0	0	0	0	0	0	0	0	0	0	0	0	0	0	0	0	0	0	0	0	0	0	0	0	0	0	0	0	0	0	0	0	0	0	0	0	0	0	0	0	0	0	0	0	0	0	0	0	0	0	1
61	31	2038	1412	0	610	611	0	0	0	0	1	1	10	65	500000	1	32	0	0	0	0	0	0	0	0	0	0	0	0	0	0	0	0	0	0	0	0	0	0	0	0	0	0	0	0	0	0	0	0	0	0	0	0	0	0	0	0	0	0	0	0	0	0	0	0	0	0	0	0	0	0	0	0	0	0	0	0	0	0	0	0	65	65	85	0	7206	7206	0	255	0	255	0	255	3	3	0	0	0	0	0	0	0	0	0	0	0	0	0	0	0	0	0	0	0	0	0	0	0	0	0	0	0	0	0	0	0	0	0	0	0	0	0	0	0	0	0	0	0	0	0	0	0	0	0	0	0	0	0	0	0	0	0	0	0	0	0	0	0	0	0	0	0	0	0	0	0	0	0	0	0	0	0	0	1
62	32	2038	1412	0	610	611	0	0	0	0	1	1	10	65	1000000	1	32	0	0	0	0	0	0	0	0	0	0	0	0	0	0	0	0	0	0	0	0	0	0	0	0	0	0	0	0	0	0	0	0	0	0	0	0	0	0	0	0	0	0	0	0	0	0	0	0	0	0	0	0	0	0	0	0	0	0	0	0	0	0	0	0	65	65	85	0	7207	7207	0	255	0	255	0	255	3	3	0	0	0	0	0	0	0	0	0	0	0	0	0	0	0	0	0	0	0	0	0	0	0	0	0	0	0	0	0	0	0	0	0	0	0	0	0	0	0	0	0	0	0	0	0	0	0	0	0	0	0	0	0	0	0	0	0	0	0	0	0	0	0	0	0	0	0	0	0	0	0	0	0	0	0	0	0	0	1
63	15	1413	1412	0	0	0	0	0	0	0	1	1	10	67	100000	1	32	0	0	0	0	0	0	0	0	0	0	0	0	0	0	0	0	0	0	0	0	0	0	0	0	0	0	0	0	0	0	0	0	0	0	0	0	0	0	0	0	0	0	0	0	0	0	0	0	0	0	0	0	0	0	0	0	0	0	0	0	0	0	0	0	65	85	85	0	7181	7181	0	255	0	255	0	255	1	25	0	0	0	0	0	0	0	0	0	0	0	0	0	0	0	0	0	0	0	0	0	0	0	0	0	0	0	0	0	0	0	0	0	0	0	0	0	0	0	0	0	0	0	0	0	0	0	0	0	0	0	0	0	0	0	0	0	0	0	0	0	0	0	0	0	0	0	0	0	0	0	0	0	0	0	0	0	0	1
64	16	1414	1412	0	0	0	0	0	0	0	1	1	10	67	50000	1	32	0	0	0	0	0	0	0	0	0	0	0	0	0	0	0	0	0	0	0	0	0	0	0	0	0	0	0	0	0	0	0	0	0	0	0	0	0	0	0	0	0	0	0	0	0	0	0	0	0	0	0	0	0	0	0	0	0	0	0	0	0	0	0	0	65	85	85	0	7182	7182	0	255	0	255	0	255	1	25	0	0	0	0	0	0	0	0	0	0	0	0	0	0	0	0	0	0	0	0	0	0	0	0	0	3801600	16781312	0	0	0	0	0	0	0	0	0	0	0	0	0	0	0	0	0	0	0	0	0	0	0	0	0	0	0	0	0	0	0	0	0	0	0	0	0	0	0	0	0	0	0	0	0	0	0	0	0	0	0	1
65	17	1415	1412	0	0	0	0	0	0	0	1	1	10	65	5000000	1	32	0	0	0	0	0	0	0	0	0	0	0	0	0	0	0	0	0	0	0	0	0	0	0	0	0	0	0	0	0	0	0	0	0	0	0	0	0	0	0	0	0	0	0	0	0	0	0	0	0	0	0	0	0	0	0	0	0	0	0	0	0	0	0	0	65	85	85	0	7181	7181	0	255	0	255	0	255	5	5	0	7182	7182	0	255	0	255	0	255	5	5	0	7199	7199	0	255	0	255	0	255	1	1	0	6159	6159	0	255	0	255	0	255	1	1	0	0	0	0	0	0	0	0	0	0	0	0	0	0	0	0	0	0	0	0	0	0	0	0	0	0	0	0	0	0	0	0	0	0	0	0	0	0	0	0	0	0	0	0	0	4
66	37	2396	1412	0	610	611	0	600	0	0	2	2	10	65	3000000	1	32	0	0	0	0	0	0	0	0	0	0	0	0	0	0	0	0	0	0	0	0	0	0	0	0	0	0	0	0	0	0	0	0	0	0	0	0	0	0	0	0	0	0	0	0	0	0	0	0	0	0	0	0	0	0	0	0	0	0	0	0	0	0	0	0	70	65	85	0	6705	6705	1	1	0	255	0	255	1	1	0	6706	6706	1	1	0	255	0	255	1	1	0	6159	6159	0	255	0	255	0	255	1	1	0	0	0	0	0	0	0	0	0	0	0	0	0	0	0	0	0	0	0	0	0	0	0	0	0	0	0	0	0	0	0	0	0	0	0	0	0	0	0	0	0	0	0	0	0	0	0	0	0	0	0	0	0	0	0	0	3
67	37	2396	1412	0	610	611	0	600	0	0	2	2	10	65	5000000	1	32	0	0	0	0	0	0	0	0	0	0	0	0	0	0	0	0	0	0	0	0	0	0	0	0	0	0	0	0	0	0	0	0	0	0	0	0	0	0	0	0	0	0	0	0	0	0	0	0	0	0	0	0	0	0	0	0	0	0	0	0	0	0	0	0	70	65	85	0	6705	6705	2	2	0	255	0	255	1	1	0	6706	6706	2	2	0	255	0	255	1	1	0	6159	6159	0	255	0	255	0	255	1	1	0	0	0	0	0	0	0	0	0	0	0	0	0	0	0	0	0	0	0	0	0	0	0	0	0	0	0	0	0	0	0	0	0	0	0	0	0	0	0	0	0	0	0	0	0	0	0	0	0	0	0	0	0	0	0	0	3
68	37	2396	1412	0	610	611	0	600	0	0	2	2	10	65	7000000	1	32	0	0	0	0	0	0	0	0	0	0	0	0	0	0	0	0	0	0	0	0	0	0	0	0	0	0	0	0	0	0	0	0	0	0	0	0	0	0	0	0	0	0	0	0	0	0	0	0	0	0	0	0	0	0	0	0	0	0	0	0	0	0	0	0	70	65	85	0	6705	6705	3	3	0	255	0	255	1	1	0	6706	6706	3	3	0	255	0	255	1	1	0	6159	6159	0	255	0	255	0	255	1	1	0	0	0	0	0	0	0	0	0	0	0	0	0	0	0	0	0	0	0	0	0	0	0	0	0	0	0	0	0	0	0	0	0	0	0	0	0	0	0	0	0	0	0	0	0	0	0	0	0	0	0	0	0	0	0	0	3
69	37	2396	1412	0	610	611	0	600	0	0	2	2	10	65	9000000	1	32	0	0	0	0	0	0	0	0	0	0	0	0	0	0	0	0	0	0	0	0	0	0	0	0	0	0	0	0	0	0	0	0	0	0	0	0	0	0	0	0	0	0	0	0	0	0	0	0	0	0	0	0	0	0	0	0	0	0	0	0	0	0	0	0	70	65	85	0	6705	6705	4	4	0	255	0	255	1	1	0	6706	6706	4	4	0	255	0	255	1	1	0	6159	6159	0	255	0	255	0	255	1	1	0	0	0	0	0	0	0	0	0	0	0	0	0	0	0	0	0	0	0	0	0	0	0	0	0	0	0	0	0	0	0	0	0	0	0	0	0	0	0	0	0	0	0	0	0	0	0	0	0	0	0	0	0	0	0	0	3
70	37	2396	1412	0	610	611	0	600	0	0	2	2	10	65	11000000	1	32	0	0	0	0	0	0	0	0	0	0	0	0	0	0	0	0	0	0	0	0	0	0	0	0	0	0	0	0	0	0	0	0	0	0	0	0	0	0	0	0	0	0	0	0	0	0	0	0	0	0	0	0	0	0	0	0	0	0	0	0	0	0	0	0	70	65	85	0	6705	6705	5	5	0	255	0	255	1	1	0	6706	6706	5	5	0	255	0	255	1	1	0	6159	6159	0	255	0	255	0	255	1	1	0	0	0	0	0	0	0	0	0	0	0	0	0	0	0	0	0	0	0	0	0	0	0	0	0	0	0	0	0	0	0	0	0	4719104	4096	256	0	0	0	0	0	0	0	0	0	0	0	0	0	0	0	0	0	0	0	0	3
71	37	2396	1412	0	610	611	0	600	0	0	2	2	10	65	13000000	1	32	0	0	0	0	0	0	0	0	0	0	0	0	0	0	0	0	0	0	0	0	0	0	0	0	0	0	0	0	0	0	0	0	0	0	0	0	0	0	0	0	0	0	0	0	0	0	0	0	0	0	0	0	0	0	0	0	0	0	0	0	0	0	0	0	70	65	85	0	6705	6705	6	6	0	255	0	255	1	1	0	6706	6706	6	6	0	255	0	255	1	1	0	6159	6159	0	255	0	255	0	255	1	1	0	0	0	0	0	0	0	0	0	0	0	0	0	0	0	0	0	0	0	0	0	0	0	0	0	0	0	0	0	0	0	0	0	0	0	0	0	0	0	0	0	0	0	0	0	0	0	0	0	0	0	0	0	0	0	0	3
72	38	1666	1412	0	610	611	0	0	0	0	2	1	10	66	200000	5	37	0	4	0	0	1217559552	1	0	0	1065353216	0	0	0	0	0	0	0	0	0	0	0	0	0	0	0	0	0	0	0	0	0	0	0	0	0	0	0	0	0	0	0	0	0	0	0	0	0	0	0	0	0	0	0	0	0	0	0	0	0	0	0	0	0	0	0	65	65	85	0	6147	6150	9	255	4	255	0	255	1	1	0	6159	6159	0	255	0	255	0	255	1	1	0	6175	6175	0	0	0	255	0	255	1	1	0	7190	7190	0	255	0	255	0	255	1	1	0	0	6143	7	255	4	255	0	255	1	255	4	0	0	0	0	0	0	0	0	0	0	0	0	0	0	0	0	0	0	0	0	0	0	0	0	0	0	0	0	0	0	0	0	0	5
73	38	1666	1412	0	610	611	0	0	0	0	2	1	10	66	200000	5	37	0	4	0	0	1217559552	1	0	0	1065353216	0	0	0	0	0	0	0	0	0	0	0	0	0	0	0	0	0	0	0	0	0	0	0	0	0	0	0	0	0	0	0	0	0	0	0	0	0	0	0	0	0	0	0	0	0	0	0	0	0	0	0	0	0	0	0	65	65	85	0	6686	6686	9	255	4	255	0	255	1	1	0	6159	6159	0	255	0	255	0	255	1	1	0	6175	6175	0	0	0	255	0	255	1	1	0	7190	7190	0	255	0	255	0	255	1	1	0	0	6143	7	255	4	255	0	255	1	255	4	0	0	0	0	0	0	0	0	0	0	0	0	0	0	0	0	0	0	0	0	0	0	0	0	0	0	0	0	0	0	0	0	0	5
74	38	1666	1412	0	610	611	0	0	0	0	2	1	10	66	200000	5	37	0	4	0	0	1217559552	1	0	0	1065353216	0	0	0	0	0	0	0	0	0	0	0	0	0	0	0	0	0	0	0	0	0	0	0	0	0	0	0	0	0	0	0	0	0	0	0	0	0	0	0	0	0	0	0	0	0	0	0	0	0	0	0	0	0	0	0	65	65	85	0	6186	6186	9	255	4	255	0	255	1	1	0	6159	6159	0	255	0	255	0	255	1	1	0	6175	6175	0	0	0	255	0	255	1	1	0	7190	7190	0	255	0	255	0	255	1	1	0	0	6143	7	255	4	255	0	255	1	255	4	0	0	0	0	0	0	0	0	0	0	0	0	0	0	0	0	0	0	0	0	0	0	0	0	0	0	0	0	0	0	0	0	0	5
75	38	1666	1412	0	610	611	0	0	0	0	2	1	10	66	200000	5	37	0	4	0	0	1217559552	1	0	0	1065353216	0	0	0	0	0	0	0	0	0	0	0	0	0	0	0	0	0	0	0	0	0	0	0	0	0	0	0	0	0	0	0	0	0	0	0	0	0	0	0	0	0	0	0	0	0	0	0	0	0	0	0	0	0	0	0	65	65	85	0	6193	6193	9	255	4	255	0	255	1	1	0	6159	6159	0	255	0	255	0	255	1	1	0	6175	6175	0	0	0	255	0	255	1	1	0	7190	7190	0	255	0	255	0	255	1	1	0	0	6143	7	255	4	255	0	255	1	255	4	0	0	0	0	0	0	0	0	0	0	0	0	0	0	0	0	0	0	0	0	0	0	0	0	0	0	0	0	0	0	0	0	0	5
76	39	1667	1412	0	610	611	0	0	0	0	5	4	10	66	200000	5	35	0	4	0	0	1245125376	1	0	0	1065353216	0	0	0	0	0	0	0	0	0	0	0	0	0	0	0	0	0	0	0	0	0	0	0	0	0	0	0	0	0	0	0	0	0	0	0	0	0	0	0	0	0	0	0	0	0	0	0	0	0	0	0	0	0	0	0	65	65	85	0	6709	6709	0	255	0	255	0	255	1	1	0	6708	6708	0	255	0	255	0	255	1	1	0	6159	6159	0	255	0	255	0	255	1	1	0	6174	6174	0	0	0	255	0	255	1	1	0	6175	6175	0	0	0	255	0	255	1	1	0	7190	7190	0	255	0	255	0	255	1	1	0	0	6143	9	255	4	255	0	255	1	255	1	0	0	0	0	0	0	0	0	0	0	0	7
77	46	2791	0	0	0	0	0	0	0	0	1	1	10	65	1000000	1	32	0	0	0	0	0	0	0	0	0	0	0	0	0	0	0	0	0	0	0	0	0	0	0	0	0	0	0	0	0	0	0	0	0	0	0	0	0	0	0	0	0	0	0	0	0	0	0	0	0	0	0	0	0	0	0	0	0	0	0	0	0	0	0	0	65	85	85	0	7271	7271	0	255	0	255	0	255	1	1	0	7272	7272	0	255	0	255	0	255	1	1	0	7273	7273	0	255	0	255	0	255	1	1	0	7274	7274	0	255	0	255	0	255	1	1	0	7275	7275	0	255	0	255	0	255	1	1	0	7276	7276	0	255	0	255	0	255	1	1	0	0	0	0	0	0	0	0	0	0	0	0	0	0	0	0	0	0	0	0	0	0	0	6
78	47	2881	0	0	0	0	0	0	0	0	2	2	1	65	0	1	32	0	0	0	0	0	0	0	0	0	0	0	0	0	0	0	0	0	0	0	0	0	0	0	0	0	0	0	0	0	0	0	0	0	0	0	0	0	0	0	0	0	0	0	0	0	0	0	0	0	0	0	0	0	0	0	0	0	0	0	0	0	0	0	0	65	85	85	0	7281	7281	0	255	0	255	0	255	1	1	0	7289	7289	0	255	0	255	0	255	1	1	0	0	0	0	0	0	0	0	0	0	0	0	0	0	0	0	0	0	0	0	0	0	0	0	0	0	0	0	0	0	0	0	0	0	0	0	0	0	0	0	0	0	0	0	0	0	0	0	0	0	0	0	0	0	0	0	0	0	0	0	0	0	0	0	0	0	0	2
79	47	2882	0	0	0	0	0	0	0	0	2	2	1	65	0	1	32	0	0	0	0	0	0	0	0	0	0	0	0	0	0	0	0	0	0	0	0	0	0	0	0	0	0	0	0	0	0	0	0	0	0	0	0	0	0	0	0	0	0	0	0	0	0	0	0	0	0	0	0	0	0	0	0	0	0	0	0	0	0	0	0	65	85	85	0	7280	7280	0	255	0	255	0	255	1	1	0	7290	7290	0	255	0	255	0	255	1	1	0	0	0	0	0	0	0	0	0	0	0	0	0	0	0	0	0	0	0	0	0	0	0	0	0	0	0	0	0	0	0	0	0	0	0	0	0	0	0	0	0	0	0	0	0	0	0	0	0	0	0	0	0	0	0	0	0	0	0	0	0	0	0	0	0	0	0	2
80	58	3825	1412	0	610	611	0	0	0	0	3	3	10	66	200000	1	32	1117782016	1	0	64	0	0	0	0	1065353216	0	0	0	0	0	0	0	0	0	0	0	0	0	0	0	0	0	0	0	0	0	0	0	0	0	0	0	0	0	0	0	0	0	0	0	0	0	0	0	0	0	0	0	0	0	0	0	0	0	0	0	0	0	0	0	65	65	85	0	6693	6693	0	255	0	255	0	255	2	2	1	6693	6693	0	255	0	255	0	255	1	1	0	6175	6175	2	2	0	255	0	255	2	2	0	6281	6281	2	2	0	255	0	255	2	2	0	6285	6285	2	2	0	255	0	255	2	2	0	6282	6282	2	2	0	255	0	255	2	2	0	6280	6280	2	2	0	255	0	255	2	2	0	19	19	13	255	1	255	0	255	1	1	1	2
81	56	3470	0	0	610	611	0	0	0	0	3	3	10	65	10000000	1	32	0	0	0	0	0	0	0	0	0	0	0	0	0	0	0	0	0	0	0	0	0	0	0	0	0	0	0	0	0	0	0	0	0	0	0	0	0	0	0	0	0	0	0	0	0	0	0	0	0	0	0	0	0	0	0	0	0	0	0	0	0	0	0	0	65	0	85	0	6159	6159	0	255	0	255	0	255	1	1	0	7190	7190	0	255	0	255	0	255	1	1	0	7338	7338	0	255	0	255	0	255	1	1	0	6147	6150	9	255	4	255	0	255	1	1	0	0	0	0	0	0	0	0	0	0	0	0	0	0	0	0	0	0	0	0	0	0	0	0	0	0	0	0	0	0	0	0	0	0	0	0	0	0	0	0	0	0	0	0	0	4
82	56	3470	0	0	610	611	0	0	0	0	3	3	10	65	10000000	1	32	0	0	0	0	0	0	0	0	0	0	0	0	0	0	0	0	0	0	0	0	0	0	0	0	0	0	0	0	0	0	0	0	0	0	0	0	0	0	0	0	0	0	0	0	0	0	0	0	0	0	0	0	0	0	0	0	0	0	0	0	0	0	0	0	65	0	85	0	6159	6159	0	255	0	255	0	255	1	1	0	7190	7190	0	255	0	255	0	255	1	1	0	7338	7338	0	255	0	255	0	255	1	1	0	6186	6186	9	255	4	255	0	255	1	1	0	0	0	0	0	0	0	0	0	0	0	0	0	0	0	0	0	0	0	0	0	0	0	0	0	0	0	0	0	0	0	0	0	0	0	0	0	0	0	0	0	0	0	0	0	4
83	56	3470	0	0	610	611	0	0	0	0	3	3	10	65	10000000	1	32	0	0	0	0	0	0	0	0	0	0	0	0	0	0	0	0	0	0	0	0	0	0	0	0	0	0	0	0	0	0	0	0	0	0	0	0	0	0	0	0	0	0	0	0	0	0	0	0	0	0	0	0	0	0	0	0	0	0	0	0	0	0	0	0	65	0	85	0	6159	6159	0	255	0	255	0	255	1	1	0	7190	7190	0	255	0	255	0	255	1	1	0	7338	7338	0	255	0	255	0	255	1	1	0	6686	6686	9	255	4	255	0	255	1	1	0	0	0	0	0	0	0	0	0	0	0	0	0	0	0	0	0	0	0	0	0	0	0	0	0	0	0	0	0	0	0	0	0	0	0	0	0	0	0	0	0	0	0	0	0	4
84	56	3470	0	0	610	611	0	0	0	0	3	3	10	65	10000000	1	32	0	0	0	0	0	0	0	0	0	0	0	0	0	0	0	0	0	0	0	0	0	0	0	0	0	0	0	0	0	0	0	0	0	0	0	0	0	0	0	0	0	0	0	0	0	0	0	0	0	0	0	0	0	0	0	0	0	0	0	0	0	0	0	0	65	0	85	0	6159	6159	0	255	0	255	0	255	1	1	0	7190	7190	0	255	0	255	0	255	1	1	0	7338	7338	0	255	0	255	0	255	1	1	0	6193	6193	9	255	4	255	0	255	1	1	0	0	0	0	0	0	0	0	0	0	0	0	0	0	0	0	0	0	0	0	0	0	0	0	0	0	0	0	0	0	0	0	0	0	0	0	0	0	0	0	0	0	0	0	0	4
85	56	3470	0	0	610	611	0	0	0	0	4	4	10	65	10000000	1	32	0	0	0	0	0	0	0	0	0	0	0	0	0	0	0	0	0	0	0	0	0	0	0	0	0	0	0	0	0	0	0	0	0	0	0	0	0	0	0	0	0	0	0	0	0	0	0	0	0	0	0	0	0	0	0	0	0	0	0	0	0	0	0	0	65	0	85	0	6159	6159	0	255	0	255	0	255	1	1	0	7190	7190	0	255	0	255	0	255	1	1	0	7339	7339	0	255	0	255	0	255	1	1	0	6147	6150	9	255	4	255	0	255	1	1	0	0	0	0	0	0	0	0	0	0	0	0	0	0	0	0	0	0	0	0	0	0	0	0	0	0	0	0	0	0	0	0	0	0	0	0	0	0	0	0	0	0	0	0	0	4
86	56	3470	0	0	610	611	0	0	0	0	4	4	10	65	10000000	1	32	0	0	0	0	0	0	0	0	0	0	0	0	0	0	0	0	0	0	0	0	0	0	0	0	0	0	0	0	0	0	0	0	0	0	0	0	0	0	0	0	0	0	0	0	0	0	0	0	0	0	0	0	0	0	0	0	0	0	0	0	0	0	0	0	65	0	85	0	6159	6159	0	255	0	255	0	255	1	1	0	7190	7190	0	255	0	255	0	255	1	1	0	7339	7339	0	255	0	255	0	255	1	1	0	6186	6186	9	255	4	255	0	255	1	1	0	0	0	0	0	0	0	0	0	0	0	0	0	0	0	0	0	0	0	0	0	0	0	0	0	0	0	0	0	0	0	0	0	0	0	0	0	0	0	0	0	0	0	0	0	4
87	56	3470	0	0	610	611	0	0	0	0	4	4	10	65	10000000	1	32	0	0	0	0	0	0	0	0	0	0	0	0	0	0	0	0	0	0	0	0	0	0	0	0	0	0	0	0	0	0	0	0	0	0	0	0	0	0	0	0	0	0	0	0	0	0	0	0	0	0	0	0	0	0	0	0	0	0	0	0	0	0	0	0	65	0	85	0	6159	6159	0	255	0	255	0	255	1	1	0	7190	7190	0	255	0	255	0	255	1	1	0	7339	7339	0	255	0	255	0	255	1	1	0	6193	6193	9	255	4	255	0	255	1	1	0	0	0	0	0	0	0	0	0	0	0	0	0	0	0	0	0	0	0	0	0	0	0	0	0	0	0	0	0	0	0	0	0	0	0	0	0	0	0	0	0	0	0	0	0	4
88	56	3470	0	0	610	611	0	0	0	0	4	4	10	65	10000000	1	32	0	0	0	0	0	0	0	0	0	0	0	0	0	0	0	0	0	0	0	0	0	0	0	0	0	0	0	0	0	0	0	0	0	0	0	0	0	0	0	0	0	0	0	0	0	0	0	0	0	0	0	0	0	0	0	0	0	0	0	0	0	0	0	0	65	0	85	0	6159	6159	0	255	0	255	0	255	1	1	0	7190	7190	0	255	0	255	0	255	1	1	0	7339	7339	0	255	0	255	0	255	1	1	0	6686	6686	9	255	4	255	0	255	1	1	0	0	0	0	0	0	0	0	0	0	0	0	0	0	0	0	0	0	0	0	0	0	0	0	0	0	0	0	0	0	0	0	0	0	0	0	0	0	0	0	0	0	0	0	0	4
89	56	3470	0	0	610	611	0	0	0	0	4	4	10	65	10000000	1	32	0	0	0	0	0	0	0	0	0	0	0	0	0	0	0	0	0	0	0	0	0	0	0	0	0	0	0	0	0	0	0	0	0	0	0	0	0	0	0	0	0	0	0	0	0	0	0	0	0	0	0	0	0	0	0	0	0	0	0	0	0	0	0	0	65	0	85	0	6159	6159	0	255	0	255	0	255	1	1	0	7190	7190	0	255	0	255	0	255	1	1	0	7340	7340	0	255	0	255	0	255	1	1	0	6147	6150	9	255	4	255	0	255	1	1	0	0	0	0	0	0	0	0	0	0	0	0	0	0	0	0	0	0	0	0	0	0	0	0	0	0	0	0	0	0	0	0	0	0	0	0	0	0	0	0	0	0	0	0	0	4
90	56	3470	0	0	610	611	0	0	0	0	4	4	10	65	10000000	1	32	0	0	0	0	0	0	0	0	0	0	0	0	0	0	0	0	0	0	0	0	0	0	0	0	0	0	0	0	0	0	0	0	0	0	0	0	0	0	0	0	0	0	0	0	0	0	0	0	0	0	0	0	0	0	0	0	0	0	0	0	0	0	0	0	65	0	85	0	6159	6159	0	255	0	255	0	255	1	1	0	7190	7190	0	255	0	255	0	255	1	1	0	7340	7340	0	255	0	255	0	255	1	1	0	6186	6186	9	255	4	255	0	255	1	1	0	0	0	0	0	0	0	0	0	0	0	0	0	0	0	0	0	0	0	0	0	0	0	0	0	0	0	0	0	0	0	0	0	0	0	0	0	0	0	0	0	0	0	0	0	4
91	56	3470	0	0	610	611	0	0	0	0	4	4	10	65	10000000	1	32	0	0	0	0	0	0	0	0	0	0	0	0	0	0	0	0	0	0	0	0	0	0	0	0	0	0	0	0	0	0	0	0	0	0	0	0	0	0	0	0	0	0	0	0	0	0	0	0	0	0	0	0	0	0	0	0	0	0	0	0	0	0	0	0	65	0	85	0	6159	6159	0	255	0	255	0	255	1	1	0	7190	7190	0	255	0	255	0	255	1	1	0	7340	7340	0	255	0	255	0	255	1	1	0	6193	6193	9	255	4	255	0	255	1	1	0	0	0	0	0	0	0	0	0	0	0	0	0	0	0	0	0	0	0	0	0	0	0	0	0	0	0	0	0	0	0	0	0	0	0	0	0	0	0	0	0	0	0	0	0	4
92	56	3470	0	0	610	611	0	0	0	0	4	4	10	65	10000000	1	32	0	0	0	0	0	0	0	0	0	0	0	0	0	0	0	0	0	0	0	0	0	0	0	0	0	0	0	0	0	0	0	0	0	0	0	0	0	0	0	0	0	0	0	0	0	0	0	0	0	0	0	0	0	0	0	0	0	0	0	0	0	0	0	0	65	0	85	0	6159	6159	0	255	0	255	0	255	1	1	0	7190	7190	0	255	0	255	0	255	1	1	0	7340	7340	0	255	0	255	0	255	1	1	0	6686	6686	9	255	4	255	0	255	1	1	0	0	0	0	0	0	0	0	0	0	0	0	0	0	0	0	0	0	0	0	0	0	0	0	0	0	0	0	0	0	0	0	0	0	0	0	0	0	0	0	0	0	0	0	0	4
93	56	3470	0	0	610	611	0	0	0	0	4	4	10	65	10000000	1	32	0	0	0	0	0	0	0	0	0	0	0	0	0	0	0	0	0	0	0	0	0	0	0	0	0	0	0	0	0	0	0	0	0	0	0	0	0	0	0	0	0	0	0	0	0	0	0	0	0	0	0	0	0	0	0	0	0	0	0	0	0	0	0	0	65	0	85	0	6159	6159	0	255	0	255	0	255	1	1	0	7190	7190	0	255	0	255	0	255	1	1	0	7341	7341	0	255	0	255	0	255	1	1	0	6147	6150	9	255	4	255	0	255	1	1	0	0	0	0	0	0	0	0	0	0	0	0	0	0	0	0	0	0	0	0	0	0	0	0	0	0	0	0	0	0	0	0	0	0	0	0	0	0	0	0	0	0	0	0	0	4
94	56	3470	0	0	610	611	0	0	0	0	4	4	10	65	10000000	1	32	0	0	0	0	0	0	0	0	0	0	0	0	0	0	0	0	0	0	0	0	0	0	0	0	0	0	0	0	0	0	0	0	0	0	0	0	0	0	0	0	0	0	0	0	0	0	0	0	0	0	0	0	0	0	0	0	0	0	0	0	0	0	0	0	65	0	85	0	6159	6159	0	255	0	255	0	255	1	1	0	7190	7190	0	255	0	255	0	255	1	1	0	7341	7341	0	255	0	255	0	255	1	1	0	6186	6186	9	255	4	255	0	255	1	1	0	0	0	0	0	0	0	0	0	0	0	0	0	0	0	0	0	0	0	0	0	0	0	0	0	0	0	0	0	0	0	0	0	0	0	0	0	0	0	0	0	0	0	0	0	4
95	56	3470	0	0	610	611	0	0	0	0	4	4	10	65	10000000	1	32	0	0	0	0	0	0	0	0	0	0	0	0	0	0	0	0	0	0	0	0	0	0	0	0	0	0	0	0	0	0	0	0	0	0	0	0	0	0	0	0	0	0	0	0	0	0	0	0	0	0	0	0	0	0	0	0	0	0	0	0	0	0	0	0	65	0	85	0	6159	6159	0	255	0	255	0	255	1	1	0	7190	7190	0	255	0	255	0	255	1	1	0	7341	7341	0	255	0	255	0	255	1	1	0	6193	6193	9	255	4	255	0	255	1	1	0	0	0	0	0	0	0	0	0	0	0	0	0	0	0	0	0	0	0	0	0	0	0	0	0	0	0	0	0	0	0	0	0	0	0	0	0	0	0	0	0	0	0	0	0	4
96	56	3470	0	0	610	611	0	0	0	0	4	4	10	65	10000000	1	32	0	0	0	0	0	0	0	0	0	0	0	0	0	0	0	0	0	0	0	0	0	0	0	0	0	0	0	0	0	0	0	0	0	0	0	0	0	0	0	0	0	0	0	0	0	0	0	0	0	0	0	0	0	0	0	0	0	0	0	0	0	0	0	0	65	0	85	0	6159	6159	0	255	0	255	0	255	1	1	0	7190	7190	0	255	0	255	0	255	1	1	0	7341	7341	0	255	0	255	0	255	1	1	0	6686	6686	9	255	4	255	0	255	1	1	0	0	0	0	0	0	0	0	0	0	0	0	0	0	0	0	0	0	0	0	0	0	0	0	0	0	0	0	0	0	0	0	0	0	0	0	0	0	0	0	0	0	0	0	0	4
97	60	3826	0	0	606	607	608	0	0	0	5	4	10	65	2000000	3	0	1114636288	1	0	64	0	0	0	0	0	0	0	0	0	0	0	0	0	0	0	0	0	0	0	0	0	0	0	0	0	0	0	0	0	0	0	0	0	0	0	0	0	0	0	0	0	0	0	0	0	0	0	0	0	0	0	0	0	0	0	0	0	0	0	65	69	65	65	0	6664	6665	0	0	0	255	0	255	1	1	0	6285	6285	0	0	0	255	0	255	1	1	0	6280	6280	0	0	0	255	0	255	1	1	0	6281	6281	0	0	0	255	0	255	1	1	0	0	0	0	0	0	0	0	0	0	0	0	0	0	0	0	0	0	0	0	0	0	0	0	0	0	0	0	0	0	0	0	0	0	0	0	0	0	0	0	0	0	0	0	0	4
98	60	3826	0	0	606	607	608	0	0	0	5	4	10	65	2000000	3	0	1114636288	1	0	64	0	0	0	0	0	0	0	0	0	0	0	0	0	0	0	0	0	0	0	0	0	0	0	0	0	0	0	0	0	0	0	0	0	0	0	0	0	0	0	0	0	0	0	0	0	0	0	0	0	0	0	0	0	0	0	0	0	0	0	65	69	65	65	0	6677	6684	0	0	0	255	0	255	1	1	0	6285	6285	0	0	0	255	0	255	1	1	0	6280	6280	0	0	0	255	0	255	1	1	0	6281	6281	0	0	0	255	0	255	1	1	0	0	0	0	0	0	0	0	0	0	0	0	0	0	0	0	0	0	0	0	0	0	0	0	0	0	0	0	0	0	0	0	0	0	0	0	0	0	0	0	0	0	0	0	0	4
99	61	3826	0	0	606	607	608	0	0	0	5	4	10	65	2000000	3	0	1114636288	1	0	64	0	0	0	0	0	0	0	0	0	0	0	0	0	0	0	0	0	0	0	0	0	0	0	0	0	0	0	0	0	0	0	0	0	0	0	0	0	0	0	0	0	0	0	0	0	0	0	0	0	0	0	0	0	0	0	0	0	0	0	65	69	65	65	0	6664	6665	1	1	0	255	0	255	1	1	0	6285	6285	0	0	0	255	0	255	1	1	0	6280	6280	0	0	0	255	0	255	1	1	0	6281	6281	0	0	0	255	0	255	1	1	0	0	0	0	0	0	0	0	0	0	0	0	0	0	0	0	0	0	0	0	0	0	0	0	0	0	0	0	0	0	0	0	0	0	0	0	0	0	0	0	0	0	0	0	0	4
100	61	3826	0	0	606	607	608	0	0	0	5	4	10	65	2000000	3	0	1114636288	1	0	64	0	0	0	0	0	0	0	0	0	0	0	0	0	0	0	0	0	0	0	0	0	0	0	0	0	0	0	0	0	0	0	0	0	0	0	0	0	0	0	0	0	0	0	0	0	0	0	0	0	0	0	0	0	0	0	0	0	0	0	65	69	65	65	0	6677	6684	1	1	0	255	0	255	1	1	0	6285	6285	0	0	0	255	0	255	1	1	0	6280	6280	0	0	0	255	0	255	1	1	0	6281	6281	0	0	0	255	0	255	1	1	0	0	0	0	0	0	0	0	0	0	0	0	0	0	0	0	0	0	0	0	0	0	0	0	0	0	0	0	0	0	0	0	0	0	0	0	0	0	0	0	0	0	0	0	0	4
101	62	3826	0	0	606	607	608	0	0	0	5	4	10	65	2000000	3	0	1114636288	1	0	64	0	0	0	0	0	0	0	0	0	0	0	0	0	0	0	0	0	0	0	0	0	0	0	0	0	0	0	0	0	0	0	0	0	0	0	0	0	0	0	0	0	0	0	0	0	0	0	0	0	0	0	0	0	0	0	0	0	0	0	65	69	65	65	0	6664	6665	2	2	0	255	0	255	1	1	0	6285	6285	0	0	0	255	0	255	1	1	0	6280	6280	0	0	0	255	0	255	1	1	0	6281	6281	0	0	0	255	0	255	1	1	0	0	0	0	0	0	0	0	0	0	0	0	0	0	0	0	0	0	0	0	0	0	0	0	0	0	0	0	0	0	0	0	0	0	0	0	0	0	0	0	0	0	0	0	0	4
102	62	3826	0	0	606	607	608	0	0	0	5	4	10	65	2000000	3	0	1114636288	1	0	64	0	0	0	0	0	0	0	0	0	0	0	0	0	0	0	0	0	0	0	0	0	0	0	0	0	0	0	0	0	0	0	0	0	0	0	0	0	0	0	0	0	0	0	0	0	0	0	0	0	0	0	0	0	0	0	0	0	0	0	65	69	65	65	0	6677	6684	2	2	0	255	0	255	1	1	0	6285	6285	0	0	0	255	0	255	1	1	0	6280	6280	0	0	0	255	0	255	1	1	0	6281	6281	0	0	0	255	0	255	1	1	0	0	0	0	0	0	0	0	0	0	0	0	0	0	0	0	0	0	0	0	0	0	0	0	0	0	0	0	0	0	0	0	0	0	0	0	0	0	0	0	0	0	0	0	0	4
103	63	3826	0	0	606	607	608	0	0	0	5	4	10	65	2000000	3	0	1114636288	1	0	64	0	0	0	0	0	0	0	0	0	0	0	0	0	0	0	0	0	0	0	0	0	0	0	0	0	0	0	0	0	0	0	0	0	0	0	0	0	0	0	0	0	0	0	0	0	0	0	0	0	0	0	0	0	0	0	0	0	0	0	65	69	65	65	0	6664	6665	3	3	0	255	0	255	1	1	0	6285	6285	0	0	0	255	0	255	1	1	0	6280	6280	0	0	0	255	0	255	1	1	0	6281	6281	0	0	0	255	0	255	1	1	0	0	0	0	0	0	0	0	0	0	0	0	0	0	0	0	0	0	0	0	0	0	0	0	0	0	0	0	0	0	0	0	0	0	0	0	0	0	0	0	0	0	0	0	0	4
104	63	3826	0	0	606	607	608	0	0	0	5	4	10	65	2000000	3	0	1114636288	1	0	64	0	0	0	0	0	0	0	0	0	0	0	0	0	0	0	0	0	0	0	0	0	0	0	0	0	0	0	0	0	0	0	0	0	0	0	0	0	0	0	0	0	0	0	0	0	0	0	0	0	0	0	0	0	0	0	0	0	0	0	65	69	65	65	0	6677	6684	3	3	0	255	0	255	1	1	0	6285	6285	0	0	0	255	0	255	1	1	0	6280	6280	0	0	0	255	0	255	1	1	0	6281	6281	0	0	0	255	0	255	1	1	0	0	0	0	0	0	0	0	0	0	0	0	0	0	0	0	0	0	0	0	0	0	0	0	0	0	0	0	0	0	0	0	0	0	0	0	0	0	0	0	0	0	0	0	0	4
105	64	3826	0	0	606	607	608	0	0	0	5	4	10	65	2000000	3	0	1114636288	1	0	64	0	0	0	0	0	0	0	0	0	0	0	0	0	0	0	0	0	0	0	0	0	0	0	0	0	0	0	0	0	0	0	0	0	0	0	0	0	0	0	0	0	0	0	0	0	0	0	0	0	0	0	0	0	0	0	0	0	0	0	65	69	65	65	0	6664	6665	4	4	0	255	0	255	1	1	0	6285	6285	0	0	0	255	0	255	1	1	0	6280	6280	0	0	0	255	0	255	1	1	0	6281	6281	0	0	0	255	0	255	1	1	0	0	0	0	0	0	0	0	0	0	0	0	0	0	0	0	0	0	0	0	0	0	0	0	0	0	0	0	0	0	0	0	0	0	0	0	0	0	0	0	0	0	0	0	0	4
106	64	3826	0	0	606	607	608	0	0	0	5	4	10	65	2000000	3	0	1114636288	1	0	64	0	0	0	0	0	0	0	0	0	0	0	0	0	0	0	0	0	0	0	0	0	0	0	0	0	0	0	0	0	0	0	0	0	0	0	0	0	0	0	0	0	0	0	0	0	0	0	0	0	0	0	0	0	0	0	0	0	0	0	65	69	65	65	0	6677	6684	4	4	0	255	0	255	1	1	0	6285	6285	0	0	0	255	0	255	1	1	0	6280	6280	0	0	0	255	0	255	1	1	0	6281	6281	0	0	0	255	0	255	1	1	0	0	0	0	0	0	0	0	0	0	0	0	0	0	0	0	0	0	0	0	0	0	0	0	0	0	0	0	0	0	0	0	0	0	0	0	0	0	0	0	0	0	0	0	0	4
107	65	3826	0	0	606	607	608	0	0	0	5	4	10	65	2000000	3	0	1114636288	1	0	64	0	0	0	0	0	0	0	0	0	0	0	0	0	0	0	0	0	0	0	0	0	0	0	0	0	0	0	0	0	0	0	0	0	0	0	0	0	0	0	0	0	0	0	0	0	0	0	0	0	0	0	0	0	0	0	0	0	0	0	65	69	65	65	0	6664	6665	5	5	0	255	0	255	1	1	0	6285	6285	0	0	0	255	0	255	1	1	0	6280	6280	0	0	0	255	0	255	1	1	0	6281	6281	0	0	0	255	0	255	1	1	0	0	0	0	0	0	0	0	0	0	0	0	0	0	0	0	0	0	0	0	0	0	0	0	0	0	0	0	0	0	0	0	0	0	0	0	0	0	0	0	0	0	0	0	0	4
108	65	3826	0	0	606	607	608	0	0	0	5	4	10	65	2000000	3	0	1114636288	1	0	64	0	0	0	0	0	0	0	0	0	0	0	0	0	0	0	0	0	0	0	0	0	0	0	0	0	0	0	0	0	0	0	0	0	0	0	0	0	0	0	0	0	0	0	0	0	0	0	0	0	0	0	0	0	0	0	0	0	0	0	65	69	65	65	0	6677	6684	5	5	0	255	0	255	1	1	0	6285	6285	0	0	0	255	0	255	1	1	0	6280	6280	0	0	0	255	0	255	1	1	0	6281	6281	0	0	0	255	0	255	1	1	0	0	0	0	0	0	0	0	0	0	0	0	0	0	0	0	0	0	0	0	0	0	0	0	0	0	0	0	0	0	0	0	0	0	0	0	0	0	0	0	0	0	0	0	0	4
109	66	3826	0	0	606	607	608	0	0	0	5	4	10	65	2000000	3	0	1114636288	1	0	64	0	0	0	0	0	0	0	0	0	0	0	0	0	0	0	0	0	0	0	0	0	0	0	0	0	0	0	0	0	0	0	0	0	0	0	0	0	0	0	0	0	0	0	0	0	0	0	0	0	0	0	0	0	0	0	0	0	0	0	65	69	65	65	0	6664	6665	6	6	0	255	0	255	1	1	0	6285	6285	0	0	0	255	0	255	1	1	0	6280	6280	0	0	0	255	0	255	1	1	0	6281	6281	0	0	0	255	0	255	1	1	0	0	0	0	0	0	0	0	0	0	0	0	0	0	0	0	0	0	0	0	0	0	0	0	0	0	0	0	0	0	0	0	0	0	0	0	0	0	0	0	0	0	0	0	0	4
110	66	3826	0	0	606	607	608	0	0	0	5	4	10	65	2000000	3	0	1114636288	1	0	64	0	0	0	0	0	0	0	0	0	0	0	0	0	0	0	0	0	0	0	0	0	0	0	0	0	0	0	0	0	0	0	0	0	0	0	0	0	0	0	0	0	0	0	0	0	0	0	0	0	0	0	0	0	0	0	0	0	0	0	65	69	65	65	0	6677	6684	6	6	0	255	0	255	1	1	0	6285	6285	0	0	0	255	0	255	1	1	0	6280	6280	0	0	0	255	0	255	1	1	0	6281	6281	0	0	0	255	0	255	1	1	0	0	0	0	0	0	0	0	0	0	0	0	0	0	0	0	0	0	0	0	0	0	0	0	0	0	0	0	0	0	0	0	0	0	0	0	0	0	0	0	0	0	0	0	0	4
111	67	3826	0	0	606	607	608	0	0	0	5	4	10	65	2000000	3	0	1114636288	1	0	64	0	0	0	0	0	0	0	0	0	0	0	0	0	0	0	0	0	0	0	0	0	0	0	0	0	0	0	0	0	0	0	0	0	0	0	0	0	0	0	0	0	0	0	0	0	0	0	0	0	0	0	0	0	0	0	0	0	0	0	65	69	65	65	0	6664	6665	7	7	0	255	0	255	1	1	0	6285	6285	0	0	0	255	0	255	1	1	0	6280	6280	0	0	0	255	0	255	1	1	0	6281	6281	0	0	0	255	0	255	1	1	0	0	0	0	0	0	0	0	0	0	0	0	0	0	0	0	0	0	0	0	0	0	0	0	0	0	0	0	0	0	0	0	0	0	0	0	0	0	0	0	0	0	0	0	0	4
112	67	3826	0	0	606	607	608	0	0	0	5	4	10	65	2000000	3	0	1114636288	1	0	64	0	0	0	0	0	0	0	0	0	0	0	0	0	0	0	0	0	0	0	0	0	0	0	0	0	0	0	0	0	0	0	0	0	0	0	0	0	0	0	0	0	0	0	0	0	0	0	0	0	0	0	0	0	0	0	0	0	0	0	65	69	65	65	0	6677	6684	7	7	0	255	0	255	1	1	0	6285	6285	0	0	0	255	0	255	1	1	0	6280	6280	0	0	0	255	0	255	1	1	0	6281	6281	0	0	0	255	0	255	1	1	0	0	0	0	0	0	0	0	0	0	0	0	0	0	0	0	0	0	0	0	0	0	0	0	0	0	0	0	0	0	0	0	0	0	0	0	0	0	0	0	0	0	0	0	0	4
113	68	3826	0	0	606	607	608	0	0	0	5	4	10	65	2000000	3	0	1114636288	1	0	64	0	0	0	0	0	0	0	0	0	0	0	0	0	0	0	0	0	0	0	0	0	0	0	0	0	0	0	0	0	0	0	0	0	0	0	0	0	0	0	0	0	0	0	0	0	0	0	0	0	0	0	0	0	0	0	0	0	0	0	65	69	65	65	0	6664	6665	8	8	0	255	0	255	1	1	0	6285	6285	0	0	0	255	0	255	1	1	0	6280	6280	0	0	0	255	0	255	1	1	0	6281	6281	0	0	0	255	0	255	1	1	0	0	0	0	0	0	0	0	0	0	0	0	0	0	0	0	0	0	0	0	0	0	0	0	0	0	0	0	0	0	0	0	0	0	0	0	0	0	0	0	0	0	0	0	0	4
114	68	3826	0	0	606	607	608	0	0	0	5	4	10	65	2000000	3	0	1114636288	1	0	64	0	0	0	0	0	0	0	0	0	0	0	0	0	0	0	0	0	0	0	0	0	0	0	0	0	0	0	0	0	0	0	0	0	0	0	0	0	0	0	0	0	0	0	0	0	0	0	0	0	0	0	0	0	0	0	0	0	0	0	65	69	65	65	0	6677	6684	8	8	0	255	0	255	1	1	0	6285	6285	0	0	0	255	0	255	1	1	0	6280	6280	0	0	0	255	0	255	1	1	0	6281	6281	0	0	0	255	0	255	1	1	0	0	0	0	0	0	0	0	0	0	0	0	0	0	0	0	0	0	0	0	0	0	0	0	0	0	0	0	0	0	0	0	0	0	0	0	0	0	0	0	0	0	0	0	0	4
115	69	3826	0	0	606	607	608	0	0	0	5	4	10	65	2000000	3	0	1114636288	1	0	64	0	0	0	0	0	0	0	0	0	0	0	0	0	0	0	0	0	0	0	0	0	0	0	0	0	0	0	0	0	0	0	0	0	0	0	0	0	0	0	0	0	0	0	0	0	0	0	0	0	0	0	0	0	0	0	0	0	0	0	65	69	65	65	0	6664	6665	9	9	0	255	0	255	1	1	0	6285	6285	0	0	0	255	0	255	1	1	0	6280	6280	0	0	0	255	0	255	1	1	0	6281	6281	0	0	0	255	0	255	1	1	0	0	0	0	0	0	0	0	0	0	0	0	0	0	0	0	0	0	0	0	0	0	0	0	0	0	0	0	0	0	0	0	0	0	0	0	0	0	0	0	0	0	0	0	0	4
116	69	3826	0	0	606	607	608	0	0	0	5	4	10	65	2000000	3	0	1114636288	1	0	64	0	0	0	0	0	0	0	0	0	0	0	0	0	0	0	0	0	0	0	0	0	0	0	0	0	0	0	0	0	0	0	0	0	0	0	0	0	0	0	0	0	0	0	0	0	0	0	0	0	0	0	0	0	0	0	0	0	0	0	65	69	65	65	0	6677	6684	9	9	0	255	0	255	1	1	0	6285	6285	0	0	0	255	0	255	1	1	0	6280	6280	0	0	0	255	0	255	1	1	0	6281	6281	0	0	0	255	0	255	1	1	0	0	0	0	0	0	0	0	0	0	0	0	0	0	0	0	0	0	0	0	0	0	0	0	0	0	0	0	0	0	0	0	0	0	0	0	0	0	0	0	0	0	0	0	0	4
117	70	3826	0	0	606	607	608	0	0	0	5	4	10	65	2000000	3	0	1114636288	1	0	64	0	0	0	0	0	0	0	0	0	0	0	0	0	0	0	0	0	0	0	0	0	0	0	0	0	0	0	0	0	0	0	0	0	0	0	0	0	0	0	0	0	0	0	0	0	0	0	0	0	0	0	0	0	0	0	0	0	0	0	65	69	65	65	0	6664	6665	10	10	0	255	0	255	1	1	0	6285	6285	0	0	0	255	0	255	1	1	0	6280	6280	0	0	0	255	0	255	1	1	0	6281	6281	0	0	0	255	0	255	1	1	0	0	0	0	0	0	0	0	0	0	0	0	0	0	0	0	0	0	0	0	0	0	0	0	0	0	0	0	0	0	0	0	0	0	0	0	0	0	0	0	0	0	0	0	0	4
118	70	3826	0	0	606	607	608	0	0	0	5	4	10	65	2000000	3	0	1114636288	1	0	64	0	0	0	0	0	0	0	0	0	0	0	0	0	0	0	0	0	0	0	0	0	0	0	0	0	0	0	0	0	0	0	0	0	0	0	0	0	0	0	0	0	0	0	0	0	0	0	0	0	0	0	0	0	0	0	0	0	0	0	65	69	65	65	0	6677	6684	10	10	0	255	0	255	1	1	0	6285	6285	0	0	0	255	0	255	1	1	0	6280	6280	0	0	0	255	0	255	1	1	0	6281	6281	0	0	0	255	0	255	1	1	0	0	0	0	0	0	0	0	0	0	0	0	0	0	0	0	0	0	0	0	0	0	0	0	0	0	0	0	0	0	0	0	0	0	0	0	0	0	0	0	0	0	0	0	0	4
119	71	3826	0	0	606	607	608	0	0	0	5	4	10	65	2000000	3	0	1114636288	1	0	64	0	0	0	0	0	0	0	0	0	0	0	0	0	0	0	0	0	0	0	0	0	0	0	0	0	0	0	0	0	0	0	0	0	0	0	0	0	0	0	0	0	0	0	0	0	0	0	0	0	0	0	0	0	0	0	0	0	0	0	65	69	65	65	0	6664	6665	11	11	0	255	0	255	1	1	0	6285	6285	0	0	0	255	0	255	1	1	0	6280	6280	0	0	0	255	0	255	1	1	0	6281	6281	0	0	0	255	0	255	1	1	0	0	0	0	0	0	0	0	0	0	0	0	0	0	0	0	0	0	0	0	0	0	0	0	0	0	0	0	0	0	0	0	0	0	0	0	0	0	0	0	0	0	0	0	0	4
120	71	3826	0	0	606	607	608	0	0	0	5	4	10	65	2000000	3	0	1114636288	1	0	64	0	0	0	0	0	0	0	0	0	0	0	0	0	0	0	0	0	0	0	0	0	0	0	0	0	0	0	0	0	0	0	0	0	0	0	0	0	0	0	0	0	0	0	0	0	0	0	0	0	0	0	0	0	0	0	0	0	0	0	65	69	65	65	0	6677	6684	11	11	0	255	0	255	1	1	0	6285	6285	0	0	0	255	0	255	1	1	0	6280	6280	0	0	0	255	0	255	1	1	0	6281	6281	0	0	0	255	0	255	1	1	0	0	0	0	0	0	0	0	0	0	0	0	0	0	0	0	0	0	0	0	0	0	0	0	0	0	0	0	0	0	0	0	0	0	0	0	0	0	0	0	0	0	0	0	0	4
121	72	3826	0	0	606	607	608	0	0	0	5	4	10	65	2000000	3	0	1114636288	1	0	64	0	0	0	0	0	0	0	0	0	0	0	0	0	0	0	0	0	0	0	0	0	0	0	0	0	0	0	0	0	0	0	0	0	0	0	0	0	0	0	0	0	0	0	0	0	0	0	0	0	0	0	0	0	0	0	0	0	0	0	65	69	65	65	0	6664	6665	12	12	0	255	0	255	1	1	0	6285	6285	0	0	0	255	0	255	1	1	0	6280	6280	0	0	0	255	0	255	1	1	0	6281	6281	0	0	0	255	0	255	1	1	0	0	0	0	0	0	0	0	0	0	0	0	0	0	0	0	0	0	0	0	0	0	0	0	0	0	0	0	0	0	0	0	0	0	0	0	0	0	0	0	0	0	0	0	0	4
122	72	3826	0	0	606	607	608	0	0	0	5	4	10	65	2000000	3	0	1114636288	1	0	64	0	0	0	0	0	0	0	0	0	0	0	0	0	0	0	0	0	0	0	0	0	0	0	0	0	0	0	0	0	0	0	0	0	0	0	0	0	0	0	0	0	0	0	0	0	0	0	0	0	0	0	0	0	0	0	0	0	0	0	65	69	65	65	0	6677	6684	12	12	0	255	0	255	1	1	0	6285	6285	0	0	0	255	0	255	1	1	0	6280	6280	0	0	0	255	0	255	1	1	0	6281	6281	0	0	0	255	0	255	1	1	0	0	0	0	0	0	0	0	0	0	0	0	0	0	0	0	0	0	0	0	0	0	0	0	0	0	0	0	0	0	0	0	0	0	0	0	0	0	0	0	0	0	0	0	0	4
123	73	3826	0	0	606	607	608	0	0	0	5	4	10	65	2000000	3	0	1114636288	1	0	64	0	0	0	0	0	0	0	0	0	0	0	0	0	0	0	0	0	0	0	0	0	0	0	0	0	0	0	0	0	0	0	0	0	0	0	0	0	0	0	0	0	0	0	0	0	0	0	0	0	0	0	0	0	0	0	0	0	0	0	65	69	65	65	0	6664	6665	13	13	0	255	0	255	1	1	0	6285	6285	0	0	0	255	0	255	1	1	0	6280	6280	0	0	0	255	0	255	1	1	0	6281	6281	0	0	0	255	0	255	1	1	0	0	0	0	0	0	0	0	0	0	0	0	0	0	0	0	0	0	0	0	0	0	0	0	0	0	0	0	0	0	0	0	0	0	0	0	0	0	0	0	0	0	0	0	0	4
124	73	3826	0	0	606	607	608	0	0	0	5	4	10	65	2000000	3	0	1114636288	1	0	64	0	0	0	0	0	0	0	0	0	0	0	0	0	0	0	0	0	0	0	0	0	0	0	0	0	0	0	0	0	0	0	0	0	0	0	0	0	0	0	0	0	0	0	0	0	0	0	0	0	0	0	0	0	0	0	0	0	0	0	65	69	65	65	0	6677	6684	13	13	0	255	0	255	1	1	0	6285	6285	0	0	0	255	0	255	1	1	0	6280	6280	0	0	0	255	0	255	1	1	0	6281	6281	0	0	0	255	0	255	1	1	0	0	0	0	0	0	0	0	0	0	0	0	0	0	0	0	0	0	0	0	0	0	0	0	0	0	0	0	0	0	0	0	0	0	0	0	0	0	0	0	0	0	0	0	0	4
125	74	3826	0	0	606	607	608	0	0	0	5	4	10	65	2000000	3	0	1114636288	1	0	64	0	0	0	0	0	0	0	0	0	0	0	0	0	0	0	0	0	0	0	0	0	0	0	0	0	0	0	0	0	0	0	0	0	0	0	0	0	0	0	0	0	0	0	0	0	0	0	0	0	0	0	0	0	0	0	0	0	0	0	65	69	65	65	0	6664	6665	14	14	0	255	0	255	1	1	0	6285	6285	0	0	0	255	0	255	1	1	0	6280	6280	0	0	0	255	0	255	1	1	0	6281	6281	0	0	0	255	0	255	1	1	0	0	0	0	0	0	0	0	0	0	0	0	0	0	0	0	0	0	0	0	0	0	0	0	0	0	0	0	0	0	0	0	0	0	0	0	0	0	0	0	0	0	0	0	0	4
126	74	3826	0	0	606	607	608	0	0	0	5	4	10	65	2000000	3	0	1114636288	1	0	64	0	0	0	0	0	0	0	0	0	0	0	0	0	0	0	0	0	0	0	0	0	0	0	0	0	0	0	0	0	0	0	0	0	0	0	0	0	0	0	0	0	0	0	0	0	0	0	0	0	0	0	0	0	0	0	0	0	0	0	65	69	65	65	0	6677	6684	14	14	0	255	0	255	1	1	0	6285	6285	0	0	0	255	0	255	1	1	0	6280	6280	0	0	0	255	0	255	1	1	0	6281	6281	0	0	0	255	0	255	1	1	0	0	0	0	0	0	0	0	0	0	0	0	0	0	0	0	0	0	0	0	0	0	0	0	0	0	0	0	0	0	0	0	0	0	0	0	0	0	0	0	0	0	0	0	0	4
end
1
0	1	736	0	0	588	589	590	588	589	590	5	4	10	66	10000	3	33	0	4	0	0	1184645120	0	0	0	0	0	0	0	0	0	0	0	0	0	0	0	0	0	0	0	0	0	0	0	0	0	0	0	0	0	0	0	0	0	0	0	0	0	0	0	0	0	0	0	0	0	0	0	0	0	0	0	0	0	0	0	0	0	0	0	66	85	85	0	0	6143	4	255	4	255	0	255	1	255	0	6159	6159	0	255	0	255	0	255	1	255	0	7182	7182	0	255	0	255	0	255	0	255	0	7181	7181	0	255	0	255	0	255	0	255	0	0	0	0	0	0	0	0	0	0	0	0	0	0	0	0	0	0	0	0	0	0	0	0	0	0	0	0	0	0	0	0	0	0	0	0	0	0	0	0	0	0	0	0	0	4
end
2
0	36	2194	1412	0	0	0	0	0	0	0	-1	-1	10	65	10000000	14	0	1112014848	1	0	7	0	5	0	5	0	38	0	2	0	0	1082130432	6	0	4	0	0	1077936128	6	0	3	0	0	1092616192	0	0	0	0	0	0	0	0	0	0	0	0	0	0	0	0	0	0	0	0	0	0	0	0	0	0	0	0	0	0	0	0	0	0	0	0	0	67	85	85	0	0	6143	4	255	4	255	0	255	1	1	2	7199	7199	0	255	0	255	0	255	1	1	0	7210	7210	0	255	0	255	0	255	1	1	0	0	0	0	0	0	0	0	0	0	0	0	0	0	0	0	0	0	0	0	0	0	0	0	0	0	0	0	0	0	0	0	0	0	0	0	0	0	0	0	0	0	0	0	0	0	0	0	0	0	0	0	0	0	0	0	3
end
3
0	18	1640	0	0	0	0	0	0	0	0	4	5	10	65	1000000000	1	32	0	0	0	0	0	0	0	0	0	0	0	0	0	0	0	0	0	0	0	0	0	0	0	0	0	0	0	0	0	0	0	0	0	0	0	0	0	0	0	0	0	0	0	0	0	0	0	0	0	0	0	0	0	0	0	0	0	0	0	0	0	0	0	0	65	85	85	0	7199	7199	0	255	0	255	0	255	30	30	0	6174	6174	2	2	0	255	0	255	1	1	0	6175	6175	2	2	0	255	0	255	1	1	0	0	0	0	0	0	0	0	0	0	0	0	0	0	0	0	0	0	0	0	0	0	0	0	0	0	0	0	0	0	0	0	0	0	0	0	0	0	0	0	0	0	0	0	0	0	0	0	0	0	0	0	0	0	0	0	3
end
4
0	14	1214	1212	0	0	0	0	0	0	0	1	1	1	65	1000000	1	32	0	0	0	0	0	0	0	0	0	0	0	0	0	0	1114624	16781312	0	0	0	0	0	0	0	0	0	0	0	0	0	0	0	0	0	0	0	0	0	0	0	0	0	0	0	0	0	0	0	0	0	0	0	0	0	0	0	0	0	0	0	0	0	0	0	30	65	65	85	0	6687	6687	1	1	0	255	0	255	1	1	0	7181	7181	0	255	0	255	0	255	2	2	0	7182	7182	0	255	0	255	0	255	2	2	0	7190	7190	0	255	0	255	0	255	1	1	0	6159	6159	0	255	0	255	0	255	1	1	0	0	0	0	0	0	0	0	0	0	0	0	0	0	0	0	0	0	0	0	0	0	0	0	0	0	0	0	0	0	0	0	0	0	5
1	13	1187	1212	0	0	0	0	0	0	0	1	1	1	65	5000000	1	32	0	0	0	0	0	0	0	0	0	0	0	0	0	0	0	0	0	0	0	0	0	0	0	0	0	0	0	0	0	0	0	0	0	0	0	0	0	0	0	0	0	0	0	0	0	0	0	0	0	0	0	0	0	0	0	0	0	0	0	0	0	0	0	30	65	65	85	0	6687	6687	0	0	0	255	0	255	1	1	0	7181	7181	0	255	0	255	0	255	5	5	0	7182	7182	0	255	0	255	0	255	5	5	0	7190	7190	0	255	0	255	0	255	1	1	0	6159	6159	0	255	0	255	0	255	1	1	0	0	0	0	0	0	0	0	0	0	0	0	0	0	0	0	0	0	0	0	0	0	0	0	0	0	0	0	0	0	0	0	0	0	5
end
5
0	34	2061	0	0	0	0	0	2222	0	0	1	1	1	65	0	1	32	0	0	0	0	0	0	0	0	0	0	0	0	0	0	0	0	0	0	0	0	0	0	0	0	0	0	0	0	0	0	0	0	0	0	0	0	0	0	0	0	0	0	0	0	0	0	0	0	0	0	0	0	0	0	0	0	0	0	0	0	0	0	0	0	71	85	85	0	0	6143	0	255	0	255	0	255	1	1	1	0	0	0	0	0	0	0	0	0	0	0	0	0	0	0	0	0	0	0	0	0	0	0	0	0	0	0	0	0	0	0	0	0	0	0	0	0	0	0	0	0	0	0	0	0	0	0	0	0	0	0	0	0	0	0	0	0	0	0	0	0	0	0	0	0	0	0	0	0	0	0	0	0	0	0	0	0	1
1	34	2061	0	0	0	0	0	2222	0	0	1	1	1	65	0	1	32	0	0	0	0	0	0	0	0	0	0	0	0	0	0	0	0	0	0	0	0	0	0	0	0	0	0	0	0	0	0	0	0	0	0	0	0	0	0	0	0	0	0	0	0	0	0	0	0	0	0	0	0	0	0	0	0	0	0	0	0	0	0	0	0	71	85	85	0	0	6143	0	255	0	255	0	255	1	1	0	0	0	0	0	0	0	0	0	0	0	0	0	0	0	0	0	0	0	0	0	0	0	0	0	0	0	0	0	0	0	0	0	0	0	0	0	0	0	0	0	0	0	0	0	0	0	0	0	0	0	0	0	0	0	0	0	0	0	0	0	0	0	0	0	0	0	0	0	0	0	0	0	0	0	0	0	0	1
end
6
0	35	1550	2336	2062	0	0	0	0	0	0	-1	-1	1	68	0	1	32	0	0	0	0	0	0	0	0	0	0	0	0	0	0	0	0	0	0	0	0	0	0	0	0	0	0	0	0	0	0	0	0	0	0	0	0	0	0	0	0	0	0	0	0	0	0	0	0	0	0	0	0	0	0	0	0	0	0	0	0	0	0	0	0	65	85	85	0	0	6143	0	255	0	255	0	255	1	1	8	0	0	0	0	0	0	0	0	0	0	0	0	0	0	0	0	0	0	0	0	0	0	0	0	0	0	0	0	0	0	0	0	0	0	0	0	0	0	0	0	0	0	0	0	0	0	0	0	0	0	0	0	0	0	0	0	0	0	0	0	0	0	0	0	0	0	0	0	0	0	0	0	0	0	0	0	0	1
end
7
0	33	2203	0	0	0	0	0	0	0	0	1	1	1	65	0	1	32	0	0	0	0	0	0	0	0	0	0	0	0	0	0	0	0	0	0	0	0	0	0	0	0	0	0	0	0	0	0	0	0	0	0	0	0	0	0	0	0	0	0	0	0	0	0	0	0	0	0	0	0	0	0	0	0	0	0	0	0	0	0	0	0	65	85	85	0	7209	7209	0	255	0	255	0	255	1	1	0	0	0	0	0	0	0	0	0	0	0	0	0	0	0	0	0	0	0	0	0	0	0	0	0	0	0	0	0	0	0	0	0	0	0	0	0	0	0	0	0	0	0	0	0	0	0	0	0	0	0	0	0	0	0	0	0	0	0	0	0	0	0	0	0	0	0	0	0	0	0	0	0	0	0	0	0	0	1
end
8
0	40	2265	0	0	2261	2263	2267	0	0	0	2	4	1	65	0	1	32	0	0	0	0	0	0	0	0	0	0	0	0	0	0	0	0	0	0	0	0	0	0	0	0	0	0	0	0	0	0	0	0	0	0	0	0	0	0	0	0	0	0	2032128	16781312	0	0	0	0	0	0	0	0	0	0	0	0	0	0	0	0	0	0	0	0	65	85	85	0	7263	7263	0	255	0	255	0	255	1	1	0	0	0	0	0	0	0	0	0	0	0	0	0	0	0	0	0	0	0	0	0	0	0	0	0	0	0	0	0	0	0	0	0	0	0	0	0	0	0	0	0	0	0	0	0	0	0	0	0	0	0	0	0	0	0	0	0	0	0	0	0	0	0	0	0	0	0	0	0	0	0	0	0	0	0	0	0	0	1
1	40	2265	0	0	2261	2263	2267	0	0	0	2	4	1	65	0	1	32	0	0	0	0	0	0	0	0	0	0	0	0	0	0	0	0	0	0	0	0	0	0	0	0	0	0	0	0	0	0	0	0	0	0	0	0	0	0	0	0	0	0	0	0	0	0	0	0	0	0	0	0	0	0	0	0	0	0	0	0	0	0	0	0	65	85	85	0	7222	7222	0	255	0	255	0	255	1	1	0	0	0	0	0	0	0	0	0	0	0	0	0	0	0	0	0	0	0	0	0	0	0	0	0	0	0	0	0	0	0	0	0	0	0	0	0	0	0	0	0	0	0	0	0	0	0	0	0	0	0	0	0	0	0	0	0	0	0	0	0	0	0	0	0	0	0	0	0	0	0	0	0	0	0	0	0	0	1
2	40	2265	0	0	2261	2263	2267	0	0	0	2	4	1	65	0	1	32	0	0	0	0	0	0	0	0	0	0	0	0	0	0	0	0	0	0	0	0	0	0	0	0	0	0	0	0	0	0	0	0	0	0	0	0	0	0	0	0	0	0	0	0	0	0	0	0	0	0	0	0	0	0	0	0	0	0	0	0	0	0	0	0	65	85	85	0	7260	7260	0	255	0	255	0	255	1	1	0	0	0	0	0	0	0	0	0	0	0	0	0	0	0	0	0	0	0	0	0	0	0	0	0	0	0	0	0	0	0	0	0	0	0	0	0	0	0	0	0	0	0	0	0	0	0	0	0	0	0	0	0	0	0	0	0	0	0	0	0	0	0	0	0	0	0	0	0	0	0	0	0	0	0	0	0	0	1
3	40	2265	0	0	2261	2263	2267	0	0	0	2	4	1	65	0	1	32	0	0	0	0	0	0	0	0	0	0	0	0	0	0	0	0	0	0	0	0	0	0	0	0	0	0	0	0	0	0	0	0	0	0	0	0	0	0	0	0	0	0	0	0	0	0	0	0	0	0	0	0	0	0	0	0	0	0	0	0	0	0	0	0	65	85	85	0	7261	7261	0	255	0	255	0	255	1	1	0	0	0	0	0	0	0	0	0	0	0	0	0	0	0	0	0	0	0	0	0	0	0	0	0	0	0	0	0	0	0	0	0	0	0	0	0	0	0	0	0	0	0	0	0	0	0	0	0	0	0	0	0	0	0	0	0	0	0	0	0	0	0	0	0	0	0	0	0	0	0	0	0	0	0	0	0	0	1
end
9
0	41	2560	0	0	0	0	0	0	0	0	2	4	1	65	0	1	32	0	0	0	0	0	0	0	0	0	0	0	0	0	0	0	0	0	0	0	0	0	0	0	0	0	0	0	0	0	0	0	0	0	0	0	0	0	0	0	0	0	0	0	0	0	0	0	0	0	0	0	0	0	0	0	0	0	0	0	0	0	0	0	0	65	85	85	0	7256	7256	0	255	0	255	0	255	10	10	0	0	0	0	0	0	0	0	0	0	0	0	0	0	0	0	0	0	0	0	0	0	0	0	0	0	0	0	0	0	0	0	0	0	0	0	0	0	0	0	0	0	0	0	0	0	0	0	0	0	0	0	0	0	0	0	0	0	0	0	0	0	0	0	0	0	0	0	0	0	0	0	0	0	0	0	0	0	1
1	41	2560	0	0	0	0	0	0	0	0	2	4	1	65	0	1	32	0	0	0	0	0	0	0	0	0	0	0	0	0	0	0	0	0	0	0	0	0	0	0	0	0	0	0	0	0	0	0	0	0	0	0	0	0	0	0	0	0	0	0	0	0	0	0	0	0	0	0	0	0	0	0	0	0	0	0	0	0	0	0	0	65	85	85	0	7257	7257	0	255	0	255	0	255	30	30	0	0	0	0	0	0	0	0	0	0	0	0	0	0	0	0	0	0	0	0	0	0	0	0	0	0	0	0	0	0	0	0	0	0	0	0	0	0	0	0	0	0	0	0	0	0	0	0	0	0	0	0	0	0	0	0	0	0	0	0	0	0	0	0	0	0	0	0	0	0	0	0	0	0	0	0	0	0	1
2	41	2560	0	0	0	0	0	0	0	0	2	4	1	65	0	1	32	0	0	0	0	0	0	0	0	0	0	0	0	0	0	0	0	0	0	0	0	0	0	0	0	0	0	0	0	0	0	0	0	0	0	0	0	0	0	0	0	0	0	0	0	0	0	0	0	0	0	0	0	0	0	0	0	0	0	0	0	0	0	0	0	65	85	85	0	7258	7258	0	255	0	255	0	255	255	255	0	0	0	0	0	0	0	0	0	0	0	0	0	0	0	0	0	0	0	0	0	0	0	0	0	0	0	0	0	0	0	0	0	0	0	0	0	0	0	0	0	0	0	0	0	0	0	0	0	0	0	0	0	0	0	0	0	0	0	0	0	0	0	0	0	0	0	0	0	0	0	0	0	0	0	0	0	0	1
end
10
0	42	2664	0	0	0	0	0	0	0	0	1	1	10	65	1000000	9	0	1117782016	1	0	5	0	35	0	1	0	37	0	6	0	4	0	0	1212370944	0	0	0	0	0	0	0	0	0	0	0	0	0	0	0	0	0	0	0	0	0	0	0	0	0	0	0	0	0	0	0	0	0	0	0	0	0	0	0	0	0	0	0	0	0	0	0	65	85	85	0	0	6143	4	255	0	255	0	255	1	1	1	0	6143	4	255	0	255	0	255	1	1	4	7210	7210	0	255	0	255	0	255	1	1	0	6159	6159	0	255	0	255	0	255	1	1	0	7190	7190	0	255	0	255	0	255	1	1	0	0	0	0	0	0	0	0	0	0	0	0	0	0	0	0	0	0	0	0	0	0	0	0	0	0	0	0	0	0	0	0	0	0	5
end
11
0	43	2665	0	0	0	0	0	0	0	0	1	1	10	65	1000000	5	0	1117782016	1	0	39	0	4	0	0	1212370944	0	0	0	0	0	0	0	0	0	0	0	0	0	0	0	0	0	0	0	0	0	0	0	0	0	0	0	0	0	0	0	0	0	0	0	0	0	0	0	0	0	0	0	0	0	0	0	0	0	0	0	0	0	0	0	65	85	85	0	6204	6209	0	255	0	255	0	255	1	1	0	6214	6218	0	255	0	255	0	255	1	1	0	6159	6159	0	255	0	255	0	255	1	1	0	7190	7190	0	255	0	255	0	255	1	1	0	0	0	0	0	0	0	0	0	0	0	0	0	0	0	0	0	0	0	0	0	0	0	0	0	0	0	0	0	0	0	0	0	0	0	0	0	0	0	0	0	0	0	0	0	4
end
12
0	44	2669	0	0	0	0	0	0	0	0	-1	-1	10	65	1000000	1	32	0	0	0	0	0	0	0	0	0	0	0	0	0	0	0	0	0	0	0	0	0	0	0	0	0	0	0	0	0	0	0	0	0	0	0	0	0	0	0	0	0	0	0	0	0	0	0	0	0	0	0	0	0	0	0	0	0	0	0	0	0	0	0	0	72	85	85	0	0	3071	0	255	0	255	0	255	1	1	16	6244	6272	0	255	0	255	0	255	1	1	0	6159	6159	0	255	0	255	0	255	1	1	0	7190	7190	0	255	0	255	0	255	1	1	0	0	0	0	0	0	0	0	0	0	0	0	0	0	0	0	0	0	0	0	0	0	0	0	0	0	0	0	0	0	0	0	0	0	0	0	0	0	0	0	0	0	0	0	0	4
1	44	2669	0	0	0	0	0	0	0	0	-1	-1	10	65	1000000	1	32	0	0	0	0	0	0	0	0	0	0	0	0	0	0	0	0	0	0	0	0	0	0	0	0	0	0	0	0	0	0	0	0	0	0	0	0	0	0	0	0	0	0	0	0	0	0	0	0	0	0	0	0	0	0	0	0	0	0	0	0	0	0	0	0	73	85	85	0	3072	6143	0	255	0	255	0	255	1	1	16	6245	6273	0	255	0	255	0	255	1	1	0	6159	6159	0	255	0	255	0	255	1	1	0	7190	7190	0	255	0	255	0	255	1	1	0	0	0	0	0	0	0	0	0	0	0	0	0	0	0	0	0	0	0	0	0	0	0	0	0	0	0	0	0	0	0	0	0	0	0	0	0	0	0	0	0	0	0	0	0	4
end
13
0	45	2670	0	0	0	0	0	0	0	0	-1	-1	10	65	1000000	1	32	0	0	0	0	0	0	0	0	0	0	0	0	0	0	0	0	0	0	0	0	0	0	0	0	0	0	0	0	0	0	0	0	0	0	0	0	0	0	0	0	0	0	0	0	0	0	0	0	0	0	0	0	0	0	0	0	0	0	0	0	0	0	0	0	65	85	85	0	0	6143	0	255	0	255	0	255	1	1	16	0	0	0	0	0	0	0	0	0	0	0	0	0	0	0	0	0	0	0	0	0	0	0	0	0	0	0	0	0	0	0	0	0	0	0	0	0	0	0	0	0	0	0	0	0	0	0	0	0	0	0	0	0	0	0	0	0	0	0	0	0	0	0	0	0	0	0	0	0	0	0	0	0	0	0	0	0	1
end
