//------------------------------------------------------------------------------
// Developer Project: takumi12 
// Developer System: Kind
//------------------------------------------------------------------------------
// Item Start
//------------------------------------------------------------------------------
// Descripcion: Paquete de bienvenida para nuevos jugadores.
// -----------------------------------------------------------------------------
// Class: 0 = Dark Wizard
// Class: 1 = Dark Knight
// Class: 2 = Muse Elf
// Class: 3 = Magic Gladiator
// Class: 4 = Dark Lord
// Class: 5 = Summoner
// Class: 6 = Rage Fighter
// ------------------------------------------------------------------------------
//0 1 2 3 4 5		Socket Fire          +50
//10 11 12 13 14	Socket Agua          +50
//16 17 18 19 20	Socket Ice           +50
//21 22 23 24 25 26	Socket Wing          +50
//29 30 31 32		Socket Electricidad  +50
//36				Socket Tierra        +50
// Type: Skill Buff [1] || Buff Ticket [0]
0
//Class	Type	Index  Level   Dur   Skill   Luck   Option   ExcOp	SetOp	JoH	OEx	Socket1	Socket2	Socket3	Socket4	Socket5 Time
0		7		35     7       1     0	     1	    1	     63		0       0   0       225		255		255		255		255	168
0		8		35     7       1     0	     1	    1	     63		0       0   0       225		255		255		255		255	168
0		9		35     7       1     0	     1	    1	     63		0       0   0       225		255		255		255		255	168
0		10		35     7       1     0	     1	    1	     63		0       0   0       255		255		255		255		255	168
0		11		35     7       1     0	     1	    1	     63		0       0   0       255		255		255		255		255	168
0		5		9      7       1     1	     1	    1	     63		0       0   0       255		255		255		255		255	168
0		6		14     7       1     1	     1	    1	     63		0       0   0       255		255		255		255		255	168

1		7		16     7       1     0	     1	    1	     63		0       0   0       225		255		255		255		255	168
1		8		16     7       1     0	     1	    1	     63		0       0   0       225		255		255		255		255	168
1		9		16     7       1     0	     1	    1	     63		0       0   0       225		255		255		255		255	168
1		10		16     7       1     0	     1	    1	     63		0       0   0       255		255		255		255		255	168
1		11		16     7       1     0	     1	    1	     63		0       0   0       255		255		255		255		255	168
1		0		17     7       1     1	     1	    1	     63		0       0   0       255		255		255		255		255	168
1		6		7      7       1     1	     1	    1	     63		0       0   0       255		255		255		255		255	168

2		7		36     7       1     0	     1	    1	     63		0       0   0       225		255		255		255		255	168
2		8		36     7       1     0	     1	    1	     63		0       0   0       225		255		255		255		255	168
2		9		36     7       1     0	     1	    1	     63		0       0   0       225		255		255		255		255	168
2		10		36     7       1     0	     1	    1	     63		0       0   0       255		255		255		255		255	168
2		11		36     7       1     0	     1	    1	     63		0       0   0       255		255		255		255		255	168
2		4		17     7       1     1	     1	    1	     63		0       0   0       255		255		255		255		255	168

3		8		37     7       1     0	     1	    1	     63		0       0   0       225		255		255		255		255	168
3		9		37     7       1     0	     1	    1	     63		0       0   0       225		255		255		255		255	168
3		10		37     7       1     0	     1	    1	     63		0       0   0       225		255		255		255		255	168
3		11		37     7       1     0	     1	    1	     63		0       0   0       255		255		255		255		255	168
3		0		31     7       1     1	     1	    1	     63		0       0   0       255		255		255		255		255	168

4		7		27     7       1     0	     1	    1	     63		0       0   0       225		255		255		255		255	168
4		8		27     7       1     0	     1	    1	     63		0       0   0       225		255		255		255		255	168
4		9		27     7       1     0	     1	    1	     63		0       0   0       225		255		255		255		255	168
4		10		27     7       1     0	     1	    1	     63		0       0   0       255		255		255		255		255	168
4		11		27     7       1     0	     1	    1	     63		0       0   0       255		255		255		255		255	168
4		2		11     7       1     1	     1	    1	     63		0       0   0       255		255		255		255		255	168
4		6		7      7       1     1	     1	    1	     63		0       0   0       255		255		255		255		255	168

5		7		40     7       1     0	     1	    7	     63		0       0   0       225		255		255		255		255	168
5		8		40     7       1     0	     1	    7	     63		0       0   0       225		255		255		255		255	168
5		9		40     7       1     0	     1	    7	     63		0       0   0       225		255		255		255		255	168
5		10		40     7       1     0	     1	    7	     63		0       0   0       255		255		255		255		255	168
5		11		40     7       1     0	     1	    7	     63		0       0   0       255		255		255		255		255	168
5		5		17     7       1     1	     1	    7	     63		0       0   0       255		255		255		255		255	168
5		5		21     7       1     1	     1	    7	     63		0       0   0       255		255		255		255		255	168

6		7		59     7       1     0	     1	    7	     63		0       0   0       225		255		255		255		255	168
6		8		59     7       1     0	     1	    7	     63		0       0   0       225		255		255		255		255	168
6		9		59     7       1     0	     1	    7	     63		0       0   0       225		255		255		255		255	168
6		11		59     7       1     0	     1	    7	     63		0       0   0       255		255		255		255		255	168
6		0		32     7       1     1	     1	    7	     63		0       0   0       255		255		255		255		255	168
6		0		32     7       1     1	     1	    7	     63		0       0   0       255		255		255		255		255	168


0		13		80     0       0     0	     0	    0	     0		0       0   0       255		255		255		255		255	168
1		13		80     0       0     0	     0	    0	     0		0       0   0       255		255		255		255		255	168
2		13		80     0       0     0	     0	    0	     0		0       0   0       255		255		255		255		255	168
3		13		80     0       0     0	     0	    0	     0		0       0   0       255		255		255		255		255	168
4		13		80     0       0     0	     0	    0	     0		0       0   0       255		255		255		255		255	168
5		13		80     0       0     0	     0	    0	     0		0       0   0       255		255		255		255		255	168
6		13		80     0       0     0	     0	    0	     0		0       0   0       255		255		255		255		255	168


end

1
//class	Type	Effect	Power1	Power2	Time
0		0		46		30		0		86400
0		0		45		30		0		86400
0		1		3		30		0		86400
1		0		46		30		0		86400
1		0		45		30		0		86400
1		1		3		30		0		86400
2		0		46		30		0		86400
2		0		45		30		0		86400
2		1		3		30		0		86400
3		0		46		30		0		86400
3		0		45		30		0		86400
3		1		3		30		0		86400
4		0		46		30		0		86400
4		0		45		30		0		86400
4		1		3		30		0		86400
5		0		46		30		0		86400
5		0		45		30		0		86400
5		1		3		30		0		86400
6		0		46		30		0		86400
6		0		45		30		0		86400
6		1		3		30		0		86400

end