//=======================================================================
// Developer Project: takumi12
//=======================================================================
// SYTEM REWARD
//=======================================================================
// Descripcion: Paquete de Premio por sistema de reset
//=======================================================================
// Class: 0 = Dark Wizard
// Class: 1 = Dark Knight
// Class: 2 = Muse Elf
// Class: 3 = Magic Gladiator
// Class: 4 = Dark Lord
// Class: 5 = Summoner
// Class: 6 = Rage Fighter
//=======================================================================

0
//=============================================================================================================================================
//Class Reset MReset AL0 AL1 AL2 AL3 Type Index Level Dur Skill Luck Option ExcOp SetOp JoH OEx Socket1 Socket2 Socket3 Socket4 Socket5	Comment
0	     50		0      1   1   1   1   14   11    12    1   0	  0		0      0     0   0   0   255	   255	   255	   255	   255	// Box Of Kundun +5
0	     100	0      2   2   2   2   14   11    12    1   0	  0		0      0     0   0   0   255	   255	   255	   255	   255	// Box Of Kundun +5
0	     150	0      3   3   3   3   14   11    12    1   0	  0		0      0     0   0   0   255	   255	   255	   255	   255	// Box Of Kundun +5
0	     200	0      4   4   4   4   14   11    12    1   0	  0		0      0     0   0   0   255	   255	   255	   255	   255	// Box Of Kundun +5
0	     250	0      5   5   5   5   14   11    12    1   0	  0		0      0     0   0   0   255	   255	   255	   255	   255	// Box Of Kundun +5
0	     300	0      5   5   5   5   14   11    12    1   0	  0		0      0     0   0   0   255	   255	   255	   255	   255	// Box Of Kundun +5
0	     350	0      5   5   5   5   14   11    12    1   0	  0		0      0     0   0   0   255	   255	   255	   255	   255	// Box Of Kundun +5
0	     400	0      5   5   5   5   14   11    12    1   0	  0		0      0     0   0   0   255	   255	   255	   255	   255	// Box Of Kundun +5

1	     50		0      1   1   1   1   14   11    12    1   0	  0		0      0     0   0   0   255	   255	   255	   255	   255	// Box Of Kundun +5
1	     100	0      2   2   2   2   14   11    12    1   0	  0		0      0     0   0   0   255	   255	   255	   255	   255	// Box Of Kundun +5
1	     150	0      3   3   3   3   14   11    12    1   0	  0		0      0     0   0   0   255	   255	   255	   255	   255	// Box Of Kundun +5
1	     200	0      4   4   4   4   14   11    12    1   0	  0		0      0     0   0   0   255	   255	   255	   255	   255	// Box Of Kundun +5
1	     250	0      5   5   5   5   14   11    12    1   0	  0		0      0     0   0   0   255	   255	   255	   255	   255	// Box Of Kundun +5
1	     300	0      5   5   5   5   14   11    12    1   0	  0		0      0     0   0   0   255	   255	   255	   255	   255	// Box Of Kundun +5
1	     350	0      5   5   5   5   14   11    12    1   0	  0		0      0     0   0   0   255	   255	   255	   255	   255	// Box Of Kundun +5
1	     400	0      5   5   5   5   14   11    12    1   0	  0		0      0     0   0   0   255	   255	   255	   255	   255	// Box Of Kundun +5

2	     50		0      1   1   1   1   14   11    12    1   0	  0		0      0     0   0   0   255	   255	   255	   255	   255	// Box Of Kundun +5
2	     100	0      2   2   2   2   14   11    12    1   0	  0		0      0     0   0   0   255	   255	   255	   255	   255	// Box Of Kundun +5
2	     150	0      3   3   3   3   14   11    12    1   0	  0		0      0     0   0   0   255	   255	   255	   255	   255	// Box Of Kundun +5
2	     200	0      4   4   4   4   14   11    12    1   0	  0		0      0     0   0   0   255	   255	   255	   255	   255	// Box Of Kundun +5
2	     250	0      5   5   5   5   14   11    12    1   0	  0		0      0     0   0   0   255	   255	   255	   255	   255	// Box Of Kundun +5
2	     300	0      5   5   5   5   14   11    12    1   0	  0		0      0     0   0   0   255	   255	   255	   255	   255	// Box Of Kundun +5
2	     350	0      5   5   5   5   14   11    12    1   0	  0		0      0     0   0   0   255	   255	   255	   255	   255	// Box Of Kundun +5
2	     400	0      5   5   5   5   14   11    12    1   0	  0		0      0     0   0   0   255	   255	   255	   255	   255	// Box Of Kundun +5

3	     50		0      1   1   1   1   14   11    12    1   0	  0		0      0     0   0   0   255	   255	   255	   255	   255	// Box Of Kundun +5
3	     100	0      2   2   2   2   14   11    12    1   0	  0		0      0     0   0   0   255	   255	   255	   255	   255	// Box Of Kundun +5
3	     150	0      3   3   3   3   14   11    12    1   0	  0		0      0     0   0   0   255	   255	   255	   255	   255	// Box Of Kundun +5
3	     200	0      4   4   4   4   14   11    12    1   0	  0		0      0     0   0   0   255	   255	   255	   255	   255	// Box Of Kundun +5
3	     250	0      5   5   5   5   14   11    12    1   0	  0		0      0     0   0   0   255	   255	   255	   255	   255	// Box Of Kundun +5
3	     300	0      5   5   5   5   14   11    12    1   0	  0		0      0     0   0   0   255	   255	   255	   255	   255	// Box Of Kundun +5
3	     350	0      5   5   5   5   14   11    12    1   0	  0		0      0     0   0   0   255	   255	   255	   255	   255	// Box Of Kundun +5
3	     400	0      5   5   5   5   14   11    12    1   0	  0		0      0     0   0   0   255	   255	   255	   255	   255	// Box Of Kundun +5

4	     50		0      1   1   1   1   14   11    12    1   0	  0		0      0     0   0   0   255	   255	   255	   255	   255	// Box Of Kundun +5
4	     100	0      2   2   2   2   14   11    12    1   0	  0		0      0     0   0   0   255	   255	   255	   255	   255	// Box Of Kundun +5
4	     150	0      3   3   3   3   14   11    12    1   0	  0		0      0     0   0   0   255	   255	   255	   255	   255	// Box Of Kundun +5
4	     200	0      4   4   4   4   14   11    12    1   0	  0		0      0     0   0   0   255	   255	   255	   255	   255	// Box Of Kundun +5
4	     250	0      5   5   5   5   14   11    12    1   0	  0		0      0     0   0   0   255	   255	   255	   255	   255	// Box Of Kundun +5
4	     300	0      5   5   5   5   14   11    12    1   0	  0		0      0     0   0   0   255	   255	   255	   255	   255	// Box Of Kundun +5
4	     350	0      5   5   5   5   14   11    12    1   0	  0		0      0     0   0   0   255	   255	   255	   255	   255	// Box Of Kundun +5
4	     400	0      5   5   5   5   14   11    12    1   0	  0		0      0     0   0   0   255	   255	   255	   255	   255	// Box Of Kundun +5

5	     50		0      1   1   1   1   14   11    12    1   0	  0		0      0     0   0   0   255	   255	   255	   255	   255	// Box Of Kundun +5
5	     100	0      2   2   2   2   14   11    12    1   0	  0		0      0     0   0   0   255	   255	   255	   255	   255	// Box Of Kundun +5
5	     150	0      3   3   3   3   14   11    12    1   0	  0		0      0     0   0   0   255	   255	   255	   255	   255	// Box Of Kundun +5
5	     200	0      4   4   4   4   14   11    12    1   0	  0		0      0     0   0   0   255	   255	   255	   255	   255	// Box Of Kundun +5
5	     250	0      5   5   5   5   14   11    12    1   0	  0		0      0     0   0   0   255	   255	   255	   255	   255	// Box Of Kundun +5
5	     300	0      5   5   5   5   14   11    12    1   0	  0		0      0     0   0   0   255	   255	   255	   255	   255	// Box Of Kundun +5
5	     350	0      5   5   5   5   14   11    12    1   0	  0		0      0     0   0   0   255	   255	   255	   255	   255	// Box Of Kundun +5
5	     400	0      5   5   5   5   14   11    12    1   0	  0		0      0     0   0   0   255	   255	   255	   255	   255	// Box Of Kundun +5

6	     50		0      1   1   1   1   14   11    12    1   0	  0		0      0     0   0   0   255	   255	   255	   255	   255	// Box Of Kundun +5
6	     100	0      2   2   2   2   14   11    12    1   0	  0		0      0     0   0   0   255	   255	   255	   255	   255	// Box Of Kundun +5
6	     150	0      3   3   3   3   14   11    12    1   0	  0		0      0     0   0   0   255	   255	   255	   255	   255	// Box Of Kundun +5
6	     200	0      4   4   4   4   14   11    12    1   0	  0		0      0     0   0   0   255	   255	   255	   255	   255	// Box Of Kundun +5
6	     250	0      5   5   5   5   14   11    12    1   0	  0		0      0     0   0   0   255	   255	   255	   255	   255	// Box Of Kundun +5
6	     300	0      5   5   5   5   14   11    12    1   0	  0		0      0     0   0   0   255	   255	   255	   255	   255	// Box Of Kundun +5
6	     350	0      5   5   5   5   14   11    12    1   0	  0		0      0     0   0   0   255	   255	   255	   255	   255	// Box Of Kundun +5
6	     400	0      5   5   5   5   14   11    12    1   0	  0		0      0     0   0   0   255	   255	   255	   255	   255	// Box Of Kundun +5
end
