//=================================================
// Config : DUY ĐẠT
// Zalo: DUY ĐẠT - 0961.87.37.67
//=================================================
0
//EventName              DropZen   ItemDropRate   ItemDropCount   SetItemDropRate   ItemDropType   Fireworks	
"Red Candy Box"	         1000	   100		  1		  0		    0		   0
end

1
//Section   Type   MinLevel   MaxLevel   Skill   Luck   Option   Excellent	Rate
//0           13     6          9          1       1      1        0			100
//0           14     6          9          1       1      1        0          100
//0           12     6          9          1       1      1        0          100
//1           8      6          9          1       1      1        0          100
//2           4      6          9          1       1      1        0          100
//3           9      6          9          1       1      1        0          100
//4           5      6          9          1       1      1        0          100
//4           13     6          9          1       1      1        0          100
//5           5      6          9          1       1      1        0          100
//5           6      6          9          1       1      1        0          100
//2           9      6          9          1       1      1        0          100
//2           5      6          9          1       1      1        0          100
//4           14     6          9          1       1      1        0          100
//2           10     6          9          1       1      1        0          100
//7           34     6          9          0       1      1        0          100
//8           34     6          9          0       1      1        0          100
//9           34     6          9          0       1      1        0          100
//10          34     6          9          0       1      1        0          100
//11          34     6          9          0       1      1        0          100
//7           35     6          9          0       1      1        0          100
//8           35     6          9          0       1      1        0          100
//9           35     6          9          0       1      1        0          100
//10          35     6          9          0       1      1        0          100
//11          35     6          9          0       1      1        0          100
//7           36     6          9          0       1      1        0          100
//8           36     6          9          0       1      1        0          100
//9           36     6          9          0       1      1        0          100
//10          36     6          9          0       1      1        0          100
//11          36     6          9          0       1      1        0          100
//7           26     6          9          0       1      1        0          100
//8           26     6          9          0       1      1        0          100
//9           26     6          9          0       1      1        0          100
//10          26     6          9          0       1      1        0          100
//11          26     6          9          0       1      1        0          100
//8           15     6          9          0       1      1        0          100
//9           15     6          9          0       1      1        0          100
//10          15     6          9          0       1      1        0          100
//11          15     6          9          0       1      1        0          100
//7           16     6          8          0       1      1        0          100
//8           16     6          8          0       1      1        0          100
//9           16     6          8          0       1      1        0          100
//10          16     6          8          0       1      1        0          100
//11          16     6          8          0       1      1        0          100
//7           18     6          8          0       1      1        0          100
//8           18     6          8          0       1      1        0          100
//9           18     6          8          0       1      1        0          100
//10          18     6          8          0       1      1        0          100
//11          18     6          8          0       1      1        0          100
//7           19     6          8          0       1      1        0          100
//8           19     6          8          0       1      1        0          100
//9           19     6          8          0       1      1        0          100
//10          19     6          8          0       1      1        0          100
//11          19     6          8          0       1      1        0          100
//8           20     6          8          0       1      1        0          100
//9           20     6          8          0       1      1        0          100
//10          20     6          8          0       1      1        0          100
//11          20     6          8          0       1      1        0          100
//7           1      6          9          0       1      1        0          100
//8           1      6          9          0       1      1        0          100
//9           1      6          9          0       1      1        0          100
//10          1      6          9          0       1      1        0          100
//11          1      6          9          0       1      1        0          100
//7           14     6          9          0       1      1        0          100
//8           14     6          9          0       1      1        0          100
//9           14     6          9          0       1      1        0          100
//10          14     6          9          0       1      1        0          100
//11          14     6          9          0       1      1        0          100
//7           3      6          9          0       1      1        0          100
//8           3      6          9          0       1      1        0          100
//9           3      6          9          0       1      1        0          100
//10          3      6          9          0       1      1        0          100
//11          3      6          9          0       1      1        0          100
//6           12     6          9          1       1      1        0          100
//6           11     6          9          1       1      1        0          100
//6           13     6          9          1       1      1        0          100
//6           14     6          9          1       1      1        0          100
//0           13     0          0          1       1      1        1          100
//0           14     0          0          1       1      1        1          100
//5           2      0          0          1       1      1        1          100
//1           8      0          0          1       1      1        1          100
//2           3      0          0          1       1      1        1          100
//2           4      0          0          1       1      1        1          100
//3           8      0          0          1       1      1        1          100
//4           4      0          0          1       1      1        1          100
//4           12     0          0          1       1      1        1          100
//4           13     0          0          1       1      1        1          100
//5           3      0          0          1       1      1        1          100
//5           6      0          0          1       1      1        1          100
//2           8      0          0          1       1      1        1          100
//2           9      0          0          1       1      1        1          100
//7           1      0          0          0       1      1        1          100
//8           1      0          0          0       1      1        1          100
//9           1      0          0          0       1      1        1          100
//10          1      0          0          0       1      1        1          100
//11          1      0          0          0       1      1        1          100
//7           14     0          0          0       1      1        1          100
//8           14     0          0          0       1      1        1          100
//9           14     0          0          0       1      1        1          100
//10          14     0          0          0       1      1        1          100
//11          14     0          0          0       1      1        1          100
//7           3      0          0          0       1      1        1          100
//8           3      0          0          0       1      1        1          100
//9           3      0          0          0       1      1        1          100
//10          3      0          0          0       1      1        1          100
//11          3      0          0          0       1      1        1          100
//7           25     0          0          0       1      1        1          100
//8           25     0          0          0       1      1        1          100
//9           25     0          0          0       1      1        1          100
//10          25     0          0          0       1      1        1          100
//11          25     0          0          0       1      1        1          100
//7           9      0          0          0       1      1        1          100
//8           9      0          0          0       1      1        1          100
//9           9      0          0          0       1      1        1          100
//10          9      0          0          0       1      1        1          100
//11          9      0          0          0       1      1        1          100
//7           26     0          0          0       1      1        1          100
//8           26     0          0          0       1      1        1          100
//9           26     0          0          0       1      1        1          100
//10          26     0          0          0       1      1        1          100
//11          26     0          0          0       1      1        1          100
//6           12     0          0          1       0      0        1          100
//6           11     0          0          1       0      0        1          100
//6           13     0          0          1       0      0        1          100
//6           14     0          0          1       0      0        1          100
//13          8      0          0          0       0      0        1          100
//13          9      0          0          0       0      0        1          100
//13          12     0          0          0       0      0        1          100
//13          13     0          0          0       0      0        1          100
//12          15     0          0          0       0      0        0          100
//14          13     0          0          0       0      0        0          100
//14          14     0          0          0       0      0        0          100
//14          16     0          0          0       0      0        0          100
//14          19     4          5          0       0      0        0          100
//13          18     5          6          0       0      0        0          100
//14          28     5          7          0       0      0        0          100
//13          51     2          3          0       0      0        0          100
end