
//----------------------------Thông tin Mix-------------------------------------
//CheckItemOption = 0 (thì sẽ lấy theo Option Life ở Item Thành Công), > 0 thì sẽ lấy trong index random ItemOptionRate.txt
//CheckItemNewOption = 0 (thì sẽ lấy theo Exc ở Item Thành Công),> 0 thì sẽ lấy trong index random ItemOptionRate.txt
0
//Index	MixMoney	MixRate	MixRate	MixRate	MixRate	CheckItemOption	CheckItemNewOption
//80		100			100		100		100		100		0				0            // THep
//81		100			100		100		100		100		0				0            // THep
//82		100			100		100		100		100		0				0            // THep
//83		100			100		100		100		100		0				0            // THep
//84		100			100		100		100		100		0				0            // THep
//85		100			100		100		100		100		0				0            // THep
//86		100			100		100		100		100		0				0            // THep
//87		100			100		100		100		100		0				0            // Bua
//
//88		100			100		100		100		100		0				1            // VKR2
//89		100			100		100		100		100		0				1            // VKR2
//90		100			100		100		100		100		0				1            // VKR2
//91		100			100		100		100		100		0				1            // VKR2
//92		100			100		100		100		100		0				1            // VKR2
//93		100			100		100		100		100		0				1            // VKR2
//94		100			100		100		100		100		0				1            // VKR2





180		100			50		50		50		50		0				0
//181		100			100		100		100		100		0				0
//182		100			100		100		100		100		0				0
//183		100			100		100		100		100		0				0
//184		100			100		100		100		100		0				0
end

1
//Index	Name1	Name2	Name3	Des1	Des2	Des3	Advice1	Advice2	Advice3
//80		608		0		0		0		0		0		0		0		0
//81		608		0		0		0		0		0		0		0		0
//82		608		0		0		0		0		0		0		0		0
//83		608		0		0		0		0		0		0		0		0
//84		608		0		0		0		0		0		0		0		0
//85		608		0		0		0		0		0		0		0		0
//86		608		0		0		0		0		0		0		0		0
//87		608		0		0		0		0		0		0		0		0
//88		608		0		0		0		0		0		0		0		0
//89		608		0		0		0		0		0		0		0		0
//90		608		0		0		0		0		0		0		0		0
//91		608		0		0		0		0		0		0		0		0
//92		608		0		0		0		0		0		0		0		0
//93		608		0		0		0		0		0		0		0		0
//94		608		0		0		0		0		0		0		0		0
180		608		0		0		0		0		0		0		0		0
//181		608		0		0		0		0		0		0		0		0
//182		608		0		0		0		0		0		0		0		0
//183		608		0		0		0		0		0		0		0		0
//184		608		0		0		0		0		0		0		0		0
end

//----------------------------Nguyên liệu-------------------------------------
//FailDelItem: 0 - Giữ nguyên, 1 - Del cmnl, 2 - Về level 0
//ItemNewOption: số dòng exl yêu cầu
2
//Index	ItemIndexMin	ItemIndexMax	Level   Skill   Luck	Op	Exl	Item380	Set	Harmory	Socket	Count	FailDelItem
//80		19				19				9		0		0		0	0		0	0	0		0		1		0
//80		6285			6285			0		0		0		0	0		0	0	0		0		1		0
//80		6281			6281			0		0		0		0	0		0	0	0		0		1		0
//80		6280			6280			0		0		0		0	0		0	0	0		0		1		0
//81		60				60				9		0		0		0	0		0	0	0		0		1		0
//81		6285			6285			0		0		0		0	0		0	0	0		0		1		0
//81		6281			6281			0		0		0		0	0		0	0	0		0		1		0
//81		6280			6280			0		0		0		0	0		0	0	0		0		1		0
//82		85				85				9		0		0		0	0		0	0	0		0		1		0
//82		6285			6285			0		0		0		0	0		0	0	0		0		1		0
//82		6281			6281			0		0		0		0	0		0	0	0		0		1		0
//82		6280			6280			0		0		0		0	0		0	0	0		0		1		0
//83		1037			1037			9		0		0		0	0		0	0	0		0		1		0
//83		6285			6285			0		0		0		0	0		0	0	0		0		1		0
//83		6281			6281			0		0		0		0	0		0	0	0		0		1		0
//83		6280			6280			0		0		0		0	0		0	0	0		0		1		0
//84		2066			2066			9		0		0		0	0		0	0	0		0		1		0
//84		6285			6285			0		0		0		0	0		0	0	0		0		1		0
//84		6281			6281			0		0		0		0	0		0	0	0		0		1		0
//84		6280			6280			0		0		0		0	0		0	0	0		0		1		0
//85		2570			2570			9		0		0		0	0		0	0	0		0		1		0
//85		6285			6285			0		0		0		0	0		0	0	0		0		1		0
//85		6281			6281			0		0		0		0	0		0	0	0		0		1		0
//85		6280			6280			0		0		0		0	0		0	0	0		0		1		0
//86		2596			2596			9		0		0		0	0		0	0	0		0		1		0
//86		6285			6285			0		0		0		0	0		0	0	0		0		1		0
//86		6281			6281			0		0		0		0	0		0	0	0		0		1		0
//86		6280			6280			0		0		0		0	0		0	0	0		0		1		0
//
//87		6806			6806			0		0		0		0	0		0	0	0		0		10		0
//
//88		19				19				11		0		0		0	0		0	0	0		0		1		1
//88		6174			6174			0		0		0		0	0		0	0	0		0		1		0
//88		6175			6175			0		0		0		0	0		0	0	0		0		1		0
//88		6285			6285			0		0		0		0	0		0	0	0		0		1		0
//88		6281			6281			0		0		0		0	0		0	0	0		0		1		0
//88		6807			6807			0		0		0		0	0		0	0	0		0		1		0
//
//89		60				60				11		0		0		0	0		0	0	0		0		1		1
//89		6174			6174			0		0		0		0	0		0	0	0		0		1		0
//89		6175			6175			0		0		0		0	0		0	0	0		0		1		0
//89		6285			6285			0		0		0		0	0		0	0	0		0		1		0
//89		6281			6281			0		0		0		0	0		0	0	0		0		1		0
//89		6807			6807			0		0		0		0	0		0	0	0		0		1		0
//
//90		85				85				11		0		0		0	0		0	0	0		0		1		1
//90		6174			6174			0		0		0		0	0		0	0	0		0		1		0
//90		6175			6175			0		0		0		0	0		0	0	0		0		1		0
//90		6285			6285			0		0		0		0	0		0	0	0		0		1		0
//90		6281			6281			0		0		0		0	0		0	0	0		0		1		0
//90		6807			6807			0		0		0		0	0		0	0	0		0		1		0
//
//91		1037			1037			11		0		0		0	0		0	0	0		0		1		1
//91		6174			6174			0		0		0		0	0		0	0	0		0		1		0
//91		6175			6175			0		0		0		0	0		0	0	0		0		1		0
//91		6285			6285			0		0		0		0	0		0	0	0		0		1		0
//91		6281			6281			0		0		0		0	0		0	0	0		0		1		0
//91		6807			6807			0		0		0		0	0		0	0	0		0		1		0
//
//92		2066			2066			11		0		0		0	0		0	0	0		0		1		1
//92		6174			6174			0		0		0		0	0		0	0	0		0		1		0
//92		6175			6175			0		0		0		0	0		0	0	0		0		1		0
//92		6285			6285			0		0		0		0	0		0	0	0		0		1		0
//92		6281			6281			0		0		0		0	0		0	0	0		0		1		0
//92		6807			6807			0		0		0		0	0		0	0	0		0		1		0
//
//93		2570			2570			11		0		0		0	0		0	0	0		0		1		1
//93		6174			6174			0		0		0		0	0		0	0	0		0		1		0
//93		6175			6175			0		0		0		0	0		0	0	0		0		1		0
//93		6285			6285			0		0		0		0	0		0	0	0		0		1		0
//93		6281			6281			0		0		0		0	0		0	0	0		0		1		0
//93		6807			6807			0		0		0		0	0		0	0	0		0		1		0
//
//94		2596			2596			11		0		0		0	0		0	0	0		0		1		1
//94		6174			6174			0		0		0		0	0		0	0	0		0		1		0
//94		6175			6175			0		0		0		0	0		0	0	0		0		1		0
//94		6285			6285			0		0		0		0	0		0	0	0		0		1		0
//94		6281			6281			0		0		0		0	0		0	0	0		0		1		0
//94		6807			6807			0		0		0		0	0		0	0	0		0		1		0






180		7412				7412		0		0		0		0	0		0	0	0		0		5		0
//181		7378				7378		0		0		0		0	0		0	0	0		0		3		0
//182		7379				7379		0		0		0		0	0		0	0	0		0		3		0
//183		7380				7380		0		0		0		0	0		0	0	0		0		3		0
//184		7381				7381		0		0		0		0	0		0	0	0		0		3		0
end

//----------------------------Thành công-------------------------------------
//ItemLevel, ItemSkill, ItemLuck, ItemOp: -1: Giữ nguyên
//ItemNewOption: -1: Giữ nguyên; 0: K có exl; 1->7: Random 1->7 dòng
3
//Index		ItemIndex		Level   Skill   Luck	Op	Exl	Set	Socket1	Socket2	Socket3	Socket4	Socket5
//80			6806			0		0		0		0	0	0	255		255		255		255		255
//81			6806			0		0		0		0	0	0	255		255		255		255		255
//82			6806			0		0		0		0	0	0	255		255		255		255		255
//83			6806			0		0		0		0	0	0	255		255		255		255		255
//84			6806			0		0		0		0	0	0	255		255		255		255		255
//85			6806			0		0		0		0	0	0	255		255		255		255		255
//86			6806			0		0		0		0	0	0	255		255		255		255		255
//87			6807			0		0		0		0	0	0	255		255		255		255		255
//
//88			51				-1		-1		-1		-1	-1	0	255		255		255		255		255
//89			61				-1		-1		-1		-1	-1	0	255		255		255		255		255
//90			86				-1		-1		-1		-1	-1	0	255		255		255		255		255
//91			1049			-1		-1		-1		-1	-1	0	255		255		255		255		255
//92			2078			-1		-1		-1		-1	-1	0	255		255		255		255		255
//93			2609			-1		-1		-1		-1	-1	0	255		255		255		255		255
//94			2610			-1		-1		-1		-1	-1	0	255		255		255		255		255

180			7378			0		0		0		0	0	0	255		255		255		255		255
//181			7379			0		0		0		0	0	0	255		255		255		255		255
//182			7380			0		0		0		0	0	0	255		255		255		255		255
//183			7381			0		0		0		0	0	0	255		255		255		255		255
//184			7382			0		0		0		0	0	0	255		255		255		255		255
end