//Index	Slot	Skill	X	Y	Serial	Option	Drop	Name							level	DamageMin	DamageMax	AttackSpeed	Dur	MagicDur	MagicPW	 ReqLvl	ReqStr	ReqDex	ReqEne	ReqVit	ReqLead	SetAttr	DW/SM	DK/BK	ELF/ME	MG	 DL 	SUM	RF
0                                                                                                                                                                                                                                               
0	0	0	1	2	1	1	0	"Chùy Thủ"			6	6	11	50	20	0	0	0	40	40	0	0	0	0	1	1	1	1	1	1	1
1	0	0	1	3	1	1	0	"Đoản Đao"			3	3	7	20	22	0	0	0	60	0	0	0	0	0	1	1	1	1	1	1	1
2	0	0	1	3	1	1	0	"Trường Kiếm"			9	9	15	40	23	0	0	0	50	40	0	0	0	0	0	1	1	1	1	1	0
3	0	20	1	3	1	1	0	"Kiếm Nhật"			16	16	26	35	27	0	0	0	80	40	0	0	0	0	0	1	0	1	1	0	0
4	0	21	1	3	1	1	0	"Đao Sát Thủ"			12	12	18	30	24	0	0	0	60	40	0	0	0	0	0	1	0	1	1	0	0
5	0	22	1	3	1	1	0	"Khoái Đao"			36	36	47	30	39	0	0	0	80	50	0	0	0	0	1	1	1	1	1	0	0
6	0	20	1	3	1	1	0	"Kiếm La Mã"			20	20	30	20	30	0	0	0	110	0	0	0	0	0	0	1	1	1	1	0	0
7	0	21	1	3	1	1	0	"Mã Tấu"			24	24	34	25	34	0	0	0	120	0	0	0	0	0	0	1	0	1	1	0	0
8	0	21	1	3	1	1	0	"Xà Đao"			30	30	40	20	36	0	0	0	130	0	0	0	0	0	0	1	0	1	1	0	0
9	0	20	1	3	1	1	0	"Kiếm Rồng Lửa"			32	32	46	30	40	0	0	0	103	0	0	0	0	0	0	1	0	1	0	0	0
10	0	22	1	4	1	1	0	"Kiếm Ánh Sáng"			40	47	61	25	50	0	0	0	80	60	0	0	0	0	0	1	1	1	0	0	0
11	0	20	1	3	1	1	0	"Kiếm Ma Thuật"			44	56	72	20	54	0	0	0	120	0	0	0	0	0	0	1	0	1	0	0	0
12	0	19	1	3	1	1	0	"Thái Dương Kiếm"			56	73	98	25	66	0	0	0	140	0	0	0	0	0	0	1	0	1	0	0	0
13	0	22	1	3	1	1	0	"Hỏa Đao"			48	48	56	30	43	0	0	0	70	70	0	0	0	0	0	1	1	1	0	0	0
14	0	22	1	3	1	1	0	"Kiếm Điện"			59	59	67	30	50	0	0	0	90	50	0	0	0	0	0	1	1	1	0	0	0
15	0	23	1	3	1	1	0	"Thiết Kiếm"			52	60	85	20	60	0	0	0	140	0	0	0	0	0	0	1	0	1	0	0	0
16	0	22	1	4	1	1	0	"Kiếm Hủy Diệt"			82	82	90	35	84	0	0	0	160	60	0	0	0	0	0	1	0	1	0	0	0
17	0	23	1	4	1	1	0	"Thiên Ma Kiếm"			140	107	115	35	90	0	0	0	180	50	0	0	0	0	0	2	0	0	0	0	0
18	0	23	1	3	1	1	0	"Lôi Phong Đao"			105	140	168	40	86	0	0	0	180	50	0	0	0	0	0	0	0	1	0	0	0
19	0	22	1	4	1	1	0	"Thiên Tử Kiếm"			86	220	230	45	168	0	0	0	140	50	0	0	0	0	0	1	0	1	1	0	0
20	0	22	1	4	1	1	0	"Cuồng Phong Đao"		140	135	145	35	90	0	0	0	116	38	0	0	0	0	0	2	0	0	0	0	0
21	0	56	1	4	1	1	0	"Đao Sinh Mệnh"			140	115	142	40	100	0	115	0	116	53	9	0	0	0	0	0	0	1	0	0	0
22	0	22	1	4	1	1	0	"Đao Quyền Năng"			115	182	218	40	90	0	0	380	100	35	0	0	0	0	0	2	0	0	0	0	0
23	0	56	1	4	1	1	0	"Đao Hồng Long"			147	127	155	45	110	0	134	380	98	48	7	0	0	0	0	0	0	1	0	0	0
24	0	22	1	4	1	1	0	"Ỷ Thiên Đao"			147	122	135	40	95	0	0	0	192	30	0	0	0	0	0	2	0	0	0	0	0
25	0	56	1	4	1	1	0	"Hỏa Tinh Kiếm"			115	109	136	40	90	0	108	0	136	57	9	0	0	0	0	0	0	1	0	0	0
26	0	22	1	4	1	1	0	"Hỏa Long Kiếm"			137	115	126	40	90	0	0	380	193	53	0	0	0	0	0	2	0	0	0	0	0
27	0	22	1	4	1	1	0	"Ngọc Bích Kiếm"			133	91	99	35	90	0	0	380	53	176	0	0	0	0	0	2	0	0	0	0	0
28	0	56	1	4	1	1	0	"Bá Vương Kiếm"			139	98	122	45	90	0	109	380	91	73	17	0	0	0	0	0	0	1	0	0	0
31	0	56	1	4	1	1	0	"Ảo Ảnh Đao"			100	104	130	35	93	0	104	0	135	62	9	0	0	0	0	0	0	1	0	0	0
32	0	260	1	2	1	1	0	"Nắm đấm Địa Long"			52	52	58	25	65	0	0	0	85	35	0	0	0	0	0	0	0	0	0	0	1
33	0	261	1	2	1	1	0	"Nắm đấm Bạch Hổ"			82	82	88	30	77	0	0	0	100	50	0	0	0	0	0	0	0	0	0	0	1
34	0	260	1	2	1	1	0	"Nắm đấm Quyền Lực"			105	95	101	35	86	0	0	0	120	60	0	0	0	0	0	0	0	0	0	0	1
35	0	270	1	2	1	1	0	"Vuốt Phượng Hoàng"			147	183	192	40	98	0	0	380	101	51	0	0	0	0	0	0	0	0	0	0	1
38	0	56	1	4	1	1	0	"Kiếm Thiên Sứ"			139	108	132	45	90	0	109	0	91	73	17	0	0	0	0	0	0	1	0	0	0
42	0	22	1	4	1	1	0	"Kiếm Huyết Thần"			147	125	136	40	90	0	0	380	193	53	0	0	0	0	0	2	0	0	0	0	0
44	0	56	1	4	1	1	0	"Kiếm Huyết Thần (MG)"			149	108	132	45	90	0	109	380	91	73	17	0	0	0	0	0	0	1	0	0	0
46	0	270	1	2	1	1	0	"Vuốt Huyết Thần"			147	148	157	35	100	0	0	380	47	14	0	0	0	0	0	0	0	0	0	0	3
51	0	22	1	4	1	1	0	"Thiên Tử Kiếm (Cấp 2)"			149	225	235	45	168	0	0	0	140	50	0	0	0	0	0	2	0	0	0	0	0
54	0	22	1	4	1	1	0	"Kiếm Hắc Thần"			147	135	146	40	90	0	0	380	193	53	0	0	0	0	0	2	0	0	0	0	0
55	0	56	1	4	1	1	0	"Kiếm Hắc Thần (MG)"			149	118	142	45	90	0	109	380	91	73	17	0	0	0	0	0	0	1	0	0	0
56	0	270	1	2	1	1	0	"Vuốt Hắc Thần"			147	158	167	35	100	0	0	380	47	14	0	0	0	0	0	0	0	0	0	0	3
57	0	22	1	4	1	1	0	"Kiếm Thánh Thần"			147	155	166	40	90	0	0	380	193	53	0	0	0	0	0	2	0	0	0	0	0
58	0	56	1	4	1	1	0	"Kiếm Thánh Thần (MG)"			149	138	162	45	90	0	109	380	91	73	17	0	0	0	0	0	0	1	0	0	0
59	0	270	1	2	1	1	0	"Vuốt Thánh Thần"			147	178	187	35	100	0	0	380	47	14	0	0	0	0	0	0	0	0	0	0	3
60	0	270	1	2	1	1	0	"Vuốt Thiên Tử"			147	121	130	35	160	0	0	0	68	23	0	0	0	0	0	0	0	0	0	0	3
61	0	270	1	2	1	1	0	"Vuốt Thiên Tử (Cấp 2)"			149	193	202	40	98	0	0	0	101	51	0	0	0	0	0	0	0	0	0	0	1
62	0	22	1	4	1	1	0	"Kiếm Thức Tỉnh"		200	235	249	40	100	0	0	380	141	44	0	0	0	0	0	3	0	0	0	0	0
63	0	56	1	4	1	1	0	"Kiếm Thức Tỉnh (MG)"			200	240	273	45	100	0	185	380	103	62	15	0	0	0	0	0	0	3	0	0	0
64	0	270	1	2	1	1	0	"Vuốt Thức Tỉnh"		220	170	185	35	100	0	0	380	82	26	0	0	0	0	0	0	0	0	0	0	3
78	0	22	1	4	1	1	0	"Kiếm Mắt Xanh"			147	165	176	40	90	0	0	380	193	53	0	0	0	0	0	2	0	0	0	0	0
79	0	56	1	4	1	1	0	"Kiếm Mắt Xanh (MG)"			149	148	172	45	90	0	109	380	91	73	17	0	0	0	0	0	0	1	0	0	0
80	0	270	1	2	1	1	0	"Vuốt Mắt Xanh"			147	188	197	35	100	0	0	380	47	14	0	0	0	0	0	0	0	0	0	0	3
81	0	270	1	2	1	1	0	"Vuốt Huyết Long"			149	138	147	35	100	0	0	380	47	14	0	0	0	0	0	0	0	0	0	0	3
82	0	56	1	4	1	1	0	"Kiếm Tim Bạc (MG)"			149	158	182	45	90	0	109	380	91	73	17	0	0	0	0	0	0	1	0	0	0
83	0	270	1	2	1	1	0	"Vuốt Tim Bạc"			147	198	207	35	100	0	0	380	47	14	0	0	0	0	0	0	0	0	0	0	3
84	0	22	1	4	1	1	0	"Kiếm Tim Bạc"			147	175	186	40	90	0	0	380	193	53	0	0	0	0	0	2	0	0	0	0	0
85	0	56	1	4	1	1	0	"Kiếm Thiên Tử (MG)"		115	153	165	30	100	0	150	0	36	4	0	0	0	0	0	0	0	3	0	0	0
86	0	56	1   4   1   1   0	"Kiếm Thiên Tử (Cấp 2)"	145 170 242	45  110 0	160 0   98  48	7	0   0   0   0   0   0   3   0   0   0 
100	0	270	1	2	1	1	0	"Vuốt Hộ Vệ"			145	171	192	35	100	0	0	380	47	14	0	0	0	0	0	0	0	0	0	0	3

end

//Index	Slot	Skill	X	Y	Serial	Option	Drop	Name							level	DamageMin	DamageMax	AttackSpeed	Dur	MagicDur	MagicPW	ReqLvl	ReqStr	ReqDex	ReqEne	ReqVit	ReqLead	SetAttr	DW/SM	DK/BK	ELF/ME	MG	DL SUM	RF
1
0	0	0	1	3	1	1	0	"Rìu Nhỏ"			1	1	6	20	18	0	0	0	50	0	0	0	0	0	1	1	1	1	1	1	1
1	0	0	1	3	1	1	0	"Rìu Nhẹ"			4	4	9	30	20	0	0	0	70	0	0	0	0	0	1	1	1	1	1	1	1
2	0	19	1	3	1	1	0	"Rìu Lưỡi Hái"			14	14	24	20	26	0	0	0	90	0	0	0	0	0	0	1	0	1	1	0	0
3	0	19	1	3	1	1	0	"Rìu Thợ Săn"			18	18	28	30	28	0	0	0	100	0	0	0	0	0	0	1	0	1	1	0	1
4	0	0	1	3	1	1	0	"Rìu Tiên Nữ"			26	26	38	40	32	0	0	0	50	70	0	0	0	0	1	0	1	1	0	1	0
5	0	19	2	3	1	1	0	"Rìu Chiến"			30	36	44	20	36	0	0	0	120	0	0	0	0	0	0	1	1	1	0	0	0
6	0	19	2	3	1	1	0	"Rìu Lưỡi Bạc"			34	38	50	30	44	0	0	0	130	0	0	0	0	0	0	1	1	1	0	0	0
7	0	19	2	3	1	1	0	"Rìu Lưỡi Vàng"			46	54	67	25	55	0	0	0	140	0	0	0	0	0	0	1	0	1	0	0	0
8	0	19	2	3	1	1	0	"Rìu Bán Nguyệt"			54	69	89	30	65	0	0	0	100	40	0	0	0	0	1	1	0	1	0	0	0
end

//Index	Slot	Skill	X	Y	Serial	Option	Drop	Name							level	DamageMin	DamageMax	AttackSpeed	Dur	MagicDur	MagicPW	ReqLvl	ReqStr	ReqDex	ReqEne	ReqVit	ReqLead	SetAttr	DW/SM	DK/BK	ELF/ME	MG	DL SUM	RF
2
0	0	0	1	3	1	1	0	"Chùy"			7	7	13	15	21	0	0	0	100	0	0	0	0	0	0	1	0	1	1	0	1
1	0	19	1	3	1	1	0	"Chùy Gai"			13	13	22	15	25	0	0	0	100	0	0	0	0	0	0	1	0	1	1	0	1
2	0	0	1	3	1	1	0	"Chùy Dây"			22	22	32	15	32	0	0	0	80	50	0	0	0	0	0	1	0	1	1	0	1
3	0	19	2	3	1	1	0	"Bùa Chiến"			38	45	56	15	50	0	0	0	150	0	0	0	0	0	0	1	0	1	0	0	1
4	0	19	2	3	1	1	0	"Chùy Băng"			66	78	107	30	72	0	0	0	130	0	0	0	0	0	1	1	1	1	0	0	1
5	0	23	2	4	1	1	0	"Kiếm Băng"			72	89	120	40	76	0	0	0	130	70	0	0	0	0	1	1	1	1	0	0	0
6	0	23	2	4	1	1	0	"Rìu Hỏa Long (Chaos)"			75	102	130	35	80	0	0	0	140	50	0	0	0	0	0	1	0	1	0	0	0
7	0	0	1	3	1	1	0	"Chùy Thánh Nữ"			90	62	80	50	50	0	0	0	15	42	0	0	0	0	0	0	2	0	0	0	0
8	0	66	1	3	1	1	0	"Trượng Chiến"			54	41	52	45	40	0	3	0	80	17	0	0	0	0	0	0	0	0	1	0	0
9	0	66	1	3	1	1	0	"Trượng Thép"			72	57	68	45	45	0	20	0	87	18	0	0	0	0	0	0	0	0	1	0	0
10	0	66	1	4	1	1	0	"Trượng Bóng Tối"			82	74	85	45	65	0	35	0	100	21	0	0	0	0	0	0	0	0	1	0	0
11	0	66	1	4	1	1	0	"Trượng Kim Cương"			98	91	102	40	72	0	52	0	105	23	0	0	0	0	0	0	0	0	1	0	0
12	0	66	1	4	1	1	0	"Trượng Đại Vương"			140	108	120	40	84	0	67	0	90	20	0	0	0	0	0	0	0	0	1	0	0
13	0	66	1	4	1	1	0	"Trượng Thiên Tử"			150	140	163	45	90	0	138	0	75	16	0	0	0	0	0	0	0	0	1	0	0
14	0	66	1	4	1	1	0	"Trượng Thái Dương"			146	130	153	40	95	0	84	380	80	15	0	0	0	0	0	0	0	0	1	0	0
15	0	66	1	4	1	1	0	"Trượng Tối Cao"			110	99	111	40	78	0	60	0	108	22	0	0	0	0	0	0	0	0	1	0	0
16	0	0	1	3	1	1	0	"Chùy Băng Tinh"			121	106	146	50	80	0	0	380	27	19	0	0	0	0	0	0	2	0	0	0	0
17	0	66	1	4	1	1	0	"Lôi Phong Trượng"			135	114	132	40	90	0	72	380	119	24	0	0	0	0	0	0	0	0	1	0	0
18	0	66	1	4	1	1	0	"Trượng Băng Giá"			147	112	124	40	86	0	70	0	87	20	0	0	0	0	0	0	0	0	1	0	0
20	0	19	1	4	1	1	0	"Sừng Thép"					145	177	206	25	120	0	0	 380	182	50	0	0	0	0	0	3	0	0	0	0	0
22	0	66	1	4	1	1	0	"Trượng Huyết Thần"			160	188	200	40	100	0	104	 380	114	23	0	0	0	0	0	0	0	0	3	0	0  
23	0	19	1	3	1	1	0	"Chùy Vương"				130	133	143	65	100	0	0	 0		144	100	0	0	0	0	0	3	0	3	0	0	0
25	0	66	1	4	1	1	0	"Trượng Thiên Tử (Cấp 2)"	150	220	243	45	100	0	138	 0		75	16	0	0	0	0	0	0	0	0	3	0	0  
26	0	66	1	4	1	1	0	"Trượng Hắc Thần"			180	223	245	40	100	0	114	 380	114	23	0	0	0	0	0	0	0	0	3	0	0
27	0	66	1	4	1	1	0	"Trượng Thánh Thần"			200	225	250	40	100	0	134	 380	105	22	0	0	0	0	0	0	0	0	3	0	0
36	0	66	1	3	1	1	0	"Trượng Thức Tỉnh"			200	230	240	40	100	0	154	 380	98	21	0	0	0	0	0	0	0	0	3	0	0
40	0	66	1	3	1	1	0	"Trượng Mắt Xanh"			220	235	245	40	100	0	154	 380	57	11	0	0	0	0	0	0	0	0	3	0	0
42	0	66	1	3	1	1	0	"Trượng Tim Bạc"			220	240	277	45	100	0	154	 380	57	11	0	0	0	0	0	0	0	0	3	0	0
end

//Index	Slot	Skill	X	Y	Serial	Option	Drop	Name							level	DamageMin	DamageMax	AttackSpeed	Dur	MagicDur	MagicPW	ReqLvl	ReqStr	ReqDex	ReqEne	ReqVit	ReqLead	SetAttr	DW/SM	DK/BK	ELF/ME	MG	DL SUM	RF
3
0	0	22	2	4	1	1	0	"Giáo Ánh Sáng"			42	50	63	25	56	0	0	0	60	70	0	0	0	0	0	1	1	1	0	0	0
1	0	0	2	4	1	1	0	"Giáo"			23	30	41	30	42	0	0	0	70	50	0	0	0	0	0	1	1	1	0	0	0
2	0	0	2	4	1	1	0	"Thương"			15	21	33	30	34	0	0	0	70	50	0	0	0	0	0	1	1	1	0	0	0
3	0	0	2	4	1	1	0	"Đinh Ba"			29	35	43	25	44	0	0	0	90	30	0	0	0	0	0	1	1	1	0	0	0
4	0	20	2	4	1	1	0	"Xà Giáo"			46	58	80	20	58	0	0	0	90	30	0	0	0	0	0	1	1	1	0	0	0
5	0	0	2	4	1	1	0	"Giáo Hai Lưỡi"			13	19	31	30	38	0	0	0	70	50	0	0	0	0	0	1	1	1	0	0	0
6	0	0	2	4	1	1	0	"Kích"			19	25	35	30	40	0	0	0	70	50	0	0	0	0	0	1	1	1	0	0	0
7	0	22	2	4	1	1	0	"Kích Hai Đầu"			37	42	54	30	54	0	0	0	80	50	0	0	0	0	0	1	1	1	0	0	0
8	0	22	2	4	1	1	0	"Lưỡi Hái"			54	71	92	25	68	0	0	0	90	50	0	0	0	0	0	1	1	1	0	0	0
9	0	22	2	4	1	1	0	"Lưỡi Hái Tử Thần"			63	76	102	25	74	0	0	0	80	50	0	0	0	0	0	1	1	1	0	0	0
10	0	22	2	4	1	1	0	"Đại Long Đao"			92	112	140	35	85	0	0	0	170	60	0	0	0	0	0	2	0	0	0	0	0
11	0	22	2	4	1	1	0	"Vuốt Quỷ"			147	190	226	40	90	0	0	0	152	25	0	0	0	0	0	2	0	1	0	0	0
end

//Index	Slot	Skill	X	Y	Serial	Option	Drop	Name							level	DamageMin	DamageMax	AttackSpeed	Dur	MagicDur	MagicPW	ReqLvl	ReqStr	ReqDex	ReqEne	ReqVit	ReqLead	SetAttr	DW/SM	DK/BK	ELF/ME	MG	DL SUM	RF
4
0	1	24	2	3	1	1	0	"Cung Nhỏ"			2	3	5	30	20	0	0	0	20	80	0	0	0	0	0	0	1	0	0	0	0
1	1	24	2	4	1	1	0	"Cung"			8	9	13	30	24	0	0	0	30	90	0	0	0	0	0	0	1	0	0	0	0
2	1	24	2	3	1	1	0	"Cung Hoa"			16	17	24	30	28	0	0	0	30	90	0	0	0	0	0	0	1	0	0	0	0
3	1	24	2	3	1	1	0	"Cung Chiến"			26	28	37	30	36	0	0	0	30	90	0	0	0	0	0	0	1	0	0	0	0
4	1	24	2	4	1	1	0	"Cung Hổ"			40	42	52	30	43	0	0	0	30	100	0	0	0	0	0	0	1	0	0	0	0
5	1	24	2	4	1	1	0	"Cung Bạc"			56	59	71	40	48	0	0	0	30	100	0	0	0	0	0	0	1	0	0	0	0
6	1	24	2	4	1	1	0	"Mai Hoa Cung (Chaos)"			75	88	106	35	68	0	0	0	40	150	0	0	0	0	0	0	1	0	0	0	0
7	1	0	1	1	1	1	0	"Tên Nỏ"			0	0	0	0	255	0	0	0	0	0	0	0	0	0	0	0	1	0	0	0	0
8	0	24	2	2	1	1	0	"Nỏ"			4	5	8	40	22	0	0	0	20	90	0	0	0	0	0	0	1	0	0	0	0
9	0	24	2	2	1	1	0	"Nỏ Vàng"			12	13	19	40	26	0	0	0	30	90	0	0	0	0	0	0	1	0	0	0	0
10	0	24	2	2	1	1	0	"Nỏ Thép"			20	22	30	40	31	0	0	0	30	90	0	0	0	0	0	0	1	0	0	0	0
11	0	24	2	3	1	1	0	"Nỏ Ánh Sáng"			32	35	44	40	40	0	0	0	30	90	0	0	0	0	0	0	1	0	0	0	0
12	0	24	2	3	1	1	0	"Nỏ Rắn"			48	50	61	40	45	0	0	0	30	100	0	0	0	0	0	0	1	0	0	0	0
13	0	24	2	3	1	1	0	"Nỏ Thiên Thanh"			68	68	82	40	56	0	0	0	40	110	0	0	0	0	0	0	1	0	0	0	0
14	0	24	2	3	1	1	0	"Nỏ Kim Ngân"			72	78	92	30	60	0	0	0	50	130	0	0	0	0	0	0	1	0	0	0	0
15	0	0	1	1	1	1	0	"Tên Cung"			0	0	0	0	255	0	0	0	0	0	0	0	0	0	0	0	1	0	0	0	0
16	0	24	2	4	1	1	0	"Nỏ Thánh"			92	127	155	35	76	0	0	0	54	198	0	0	0	0	0	0	2	0	0	0	0
17	1	24	2	4	1	1	0	"Cung Thiên Mệnh"			84	102	127	35	72	0	0	0	50	160	0	0	0	0	0	0	1	0	0	0	0
18	0	24	2	3	1	1	0	"Nỏ Hỏa Long"			135	166	190	45	86	0	0	0	52	245	0	0	0	0	0	0	2	0	0	0	0
19	0	24	2	3	1	1	0	"Nỏ Thánh Nữ"			100	180	212	45	200	0	0	0	40	110	0	0	0	0	0	0	1	0	0	0	0
20	1	24	2	4	1	1	0	"Mỹ Nhân Cung"			100	150	172	40	80	0	0	0	61	285	0	0	0	0	0	0	2	0	0	0	0
21	1	24	2	4	1	1	0	"Cung Thái Bình"			147	177	200	45	93	0	0	380	46	210	0	0	0	0	0	0	2	0	0	0	0
22	1	24	2	4	1	1	0	"Cung Thiên Thần"			110	155	177	45	70	0	0	0	60	265	0	0	0	0	0	0	2	0	0	0	0
23	1	24	2	4	1	1	0	"Cung Thiên Vũ"			134	162	184	45	80	0	0	380	32	209	0	0	0	0	0	0	2	0	0	0	0
24	1	24	2	4	1	1	0	"Cung Thần Ưng"			147	170	194	45	88	0	0	0	49	226	0	0	0	0	0	0	2	0	0	0	0
25	1	24	2	4	1	1	0	"Cung Thiên Sứ"			145	179 202	45	94	0	0	380	 30	193	0	0	0	0	0	0	3	0	0	0	0
26	0	24	2	4	1	1	0	"Nỏ Quỷ"				145	250 280	40	94	0	0	380	 30	193	0	0	0	0	0	0	3	0	0	0	0
28	1	24	2	4	1	1	0	"Cung Huyết Thần"			149	172	194	45	80	0	0	380	32	209	0	0	0	0	0	0	2	0	0	0	0
30	0	24	2	3	1	1	0	"Nỏ Hỏa Long (Cấp 2)"			149	190	222	45	200	0	0	0	40	110	0	0	0	0	0	0	1	0	0	0	0
31	1	24	2	4	1	1	0	"Cung Hắc Thần"			149	182	204	45	80	0	0	380	32	209	0	0	0	0	0	0	2	0	0	0	0
36	1	24	2	4	1	1	0	"Cung Thánh Thần"			149	192	214	45	80	0	0	380	32	209	0	0	0	0	0	0	2	0	0	0	0
38	1	24	2	4	1	1	0	"Cung Thức Tỉnh"			149	202	224	45	80	0	0	380	32	209	0	0	0	0	0	0	2	0	0	0	0
40	1	24	2	4	1	1	0	"Cung Mắt Xanh"			149	212	234	45	80	0	0	380	32	209	0	0	0	0	0	0	2	0	0	0	0
42	1	24	2	4	1	1	0	"Cung Tim Bạc"			149	222	244	45	80	0	0	380	32	209	0	0	0	0	0	0	2	0	0	0	0
end

//Index	Slot	Skill	X	Y	Serial	Option	Drop	Name							level	DamageMin	DamageMax	AttackSpeed	Dur	MagicDur	MagicPW	 ReqLvl	ReqStr	ReqDex	ReqEne	ReqVit	ReqLead	SetAttr	DW/SM	DK/BK	ELF/ME	MG	DL SUM	RF
5
0	0	0	1	3	1	1	0	"Gậy Xương"			6	3	4	20	0	20	6	0	40	0	0	0	0	0	1	0	0	1	0	1	0
1	0	0	2	3	1	1	0	"Gậy Tiên"			18	10	12	25	0	38	20	0	50	0	0	0	0	0	1	0	0	1	0	0	0
2	0	0	2	3	1	1	0	"Gậy Rắn"			30	17	18	25	0	50	34	0	50	0	0	0	0	0	1	0	0	1	0	0	0
3	0	0	2	4	1	1	0	"Gậy Sét"			42	23	25	25	0	60	46	0	40	10	0	0	0	0	1	0	0	1	0	0	0
4	0	0	2	4	1	1	0	"Gậy Đầu Lâu"			52	29	32	25	0	65	58	0	50	0	0	0	0	0	1	0	0	1	0	0	0
5	0	0	1	4	1	1	0	"Gậy Ma Thuật"			59	29	31	25	0	66	59	0	50	0	0	0	0	0	1	0	0	1	0	0	0
6	0	0	1	4	1	1	0	"Gậy Phục Sinh"			70	35	39	25	0	70	70	0	60	10	0	0	0	0	1	0	0	1	0	0	0
7	0	0	2	4	1	1	0	"Gậy Lôi Phong (Chaos)"			75	47	48	30	0	70	94	0	60	10	0	0	0	0	1	0	0	1	0	0	0
8	0	0	2	4	1	1	0	"Gậy Hủy Diệt"			90	50	54	30	0	85	101	0	60	10	0	0	0	0	1	0	0	1	0	0	0
9	0	0	1	4	1	1	0	"Gậy Triệu Hồn"			100	46	48	30	0	91	92	0	52	16	0	0	0	0	2	0	0	0	0	0	0
10	0	0	1	4	1	1	0	"Gậy Hỏa Long"			104	86	104	30	0	182	167	0	36	4	0	0	0	0	1	0	0	1	0	0	0
11	0	0	1	4	1	1	0	"Gậy KunDun"			140	55	61	30	0	95	110	0	45	16	0	0	0	0	2	0	0	1	0	0	0
12	0	0	1	4	1	1	0	"Gậy Thần Ma"			147	140	155	30	0	100	160	380	39	13	0	0	0	0	2	0	0	0	0	0	0
13	0	0	1	4	1	1	0	"Gậy Thiên Sứ"			110	61	73	30	0	78	120	0	50	16	0	0	0	0	2	0	0	0	0	0	0
14	0	0	1	4	1	1	0	"Gậy Phép Thuật"			28	17	18	25	0	50	34	0	34	14	0	0	0	0	0	0	0	0	0	1	0
15	0	0	1	4	1	1	0	"Gậy Gió"			42	23	25	25	0	60	46	0	33	17	0	0	0	0	0	0	0	0	0	1	0
16	0	0	1	4	1	1	0	"Gậy Triệu Hồi"			59	29	31	25	0	65	59	0	36	14	0	0	0	0	0	0	0	0	0	1	0
17	0	0	1	4	1	1	0	"Gậy Ánh Bạc"			78	38	40	25	0	81	76	0	50	19	0	0	0	0	0	0	0	0	0	1	0
18	0	0	1	4	1	1	0	"Khuyển Xích Quỷ"			100	46	58	30	0	91	92	0	54	15	0	0	0	0	0	0	0	0	0	2	0
19	0	0	1	4	1	1	0	"Khuyển Bão Điện"			110	135	150	30	0	95	160	380	64	15	0	0	0	0	0	0	0	0	0	2	0
21	1	223	1	2	1	1	0	"Sách Hỏa Kỳ Lân"			52	0	0	25	0	60	46	0	0	20	135	0	0	0	0	0	0	0	0	1	0
22	1	224	1	2	1	1	0	"Sách Quỷ Kiếm"			59	0	0	25	0	65	59	0	0	25	168	0	0	0	0	0	0	0	0	1	0
23	1	225	1	2	1	1	0	"Sách Ma Công"			65	0	0	25	0	50	72	0	0	30	201	0	0	0	0	0	0	0	0	1	0
24	1	225	1	2	1	1	0	"Sách Huyết Thần"			149	0	0	50	0	50	72	0	0	30	201	0	0	0	0	0	0	0	0	1	0
25	1	225	1	2	1	1	0	"Sách Hắc Thần"			149	0	0	50	0	50	72	0	0	30	201	0	0	0	0	0	0	0	0	1	0
26	1	225	1	2	1	1	0	"Sách Thánh Thần"			149	0	0	50	0	50	72	0	0	30	201	0	0	0	0	0	0	0	0	1	0
27	1	225	1	2	1	1	0	"Sách Thức Tỉnh"			149	0	0	50	0	50	72	0	0	30	201	0	0	0	0	0	0	0	0	1	0
28	1	225	1	2	1	1	0	"Sách Mắt Xanh"			149	0	0	50	0	50	72	0	0	30	201	0	0	0	0	0	0	0	0	1	0
29	1	225	1	2	1	1	0	"Sách Tim Bạc"			149	0	0	50	0	50	72	0	0	30	201	0	0	0	0	0	0	0	0	1	0
30	0	0	1	4	1	1	0	"Gậy Giác Đấu"			138	57	59	30	0	91	126	380	47	18	0	0	0	0	0	0	0	1	0	0	0
31	0	0	1	4	1	1	0	"Gậy Quỷ Vương"			137	57	61	30	0	182	124	380	48	14	0	0	0	0	2	0	0	0	0	0	0
32	0	0	1	4	1	1	0	"Gậy Chiêm Tinh"			130	70	80	30	0	182	135	380	53	15	0	0	0	0	0	0	0	0	0	3	0
33	0	0	1	4	1	1	0	"Gậy Mãng Xà"			147	55	57	30	0	78	124	0	50	12	0	0	0	0	2	0	0	1	0	0	0
34	0	0	1	4	1	1	0	"Gậy Hồng Ngọc"			147	61	73	30	0	98	130	0	50	14	0	0	0	0	0	0	0	0	0	2	0
36	0	0	1	4	1	1	0	"Gậy Thiên Nữ"			104	86	104	30	0	182	137	0	55	13	0	0	0	0	0	0	0	0	0	1	0
41	0	0	1	4	1	1	0	"Gậy Huyết Thần"			149	67	71	30	0	182	124	380	48	14	0	0	0	0	2	0	0	0	0	0	0
43	0	0	1	4	1	1	0	"Khuyển Huyết Thần"			147	80	90	30	0	182	135	380	53	15	0	0	0	0	0	0	0	0	0	3	0
49	0	0	1	4	1	1	0	"Gậy Hỏa Long (Cấp 2)"			149	153	165	30	0	182	184	0	30	4	0	0	0	0	3	0	0	3	0	0	0
50	0	0	1	4	1	1	0	"Gậy Thiên Nữ (Cấp 2"			149	153	165	30	0	182	184	0	30	13	0	0	0	0	0	0	0	0	0	3	0
51	0	0	1	4	1	1	0	"Gậy Hắc Thần"			149	77	81	30	0	182	124	380	48	14	0	0	0	0	2	0	0	0	0	0	0
52	0	0	1	4	1	1	0	"Khuyển Hắc Thần"			147	90	100	30	0	182	135	380	53	15	0	0	0	0	0	0	0	0	0	3	0
53	0	0	1	4	1	1	0	"Gậy Thánh Thần"			149	87	91	30	0	182	124	380	48	14	0	0	0	0	2	0	0	0	0	0	0
54	0	0	1	4	1	1	0	"Khuyển Thánh Thần"			147	100	110	30	0	182	135	380	53	15	0	0	0	0	0	0	0	0	0	3	0
55	0	0	1	4	1	1	0	"Gậy Thức Tỉnh"			149	97	101	30	0	182	124	380	48	14	0	0	0	0	2	0	0	0	0	0	0
56	0	0	1	4	1	1	0	"Khuyển Thức Tỉnh"			147	110	120	30	0	182	135	380	53	15	0	0	0	0	0	0	0	0	0	3	0
61	0	0	1	4	1	1	0	"Gậy Mắt Xanh"			149	97	111	30	0	182	124	380	48	14	0	0	0	0	2	0	0	0	0	0	0
62	0	0	1	4	1	1	0	"Khuyển Mắt Xanh"			147	120	130	30	0	182	135	380	53	15	0	0	0	0	0	0	0	0	0	3	0
64	0	0	1	4	1	1	0	"Gậy Tim Bạc"			149	107	121	30	0	182	124	380	48	14	0	0	0	0	2	0	0	0	0	0	0
65	0	0	1	4	1	1	0	"Khuyển Tim Bạc"			147	130	140	30	0	182	135	380	53	15	0	0	0	0	0	0	0	0	0	3	0
end

//Index	Slot	Skill	X	Y	Serial	Option	Drop	Name							level	Defense	SuccessfulBlocking	Dur	ReqLvl	ReqStr	ReqDex	ReqEne	ReqVit	ReqLead	SetAttr	DW/SM	DK/BK	ELF/ME	MG	DL SUM	RF
6
0	1	0	2	2	1	1	0	"Khiên Tròn"			3	1	3	22	0	70	0	0	0	0	0	1	1	1	1	1	0	0
1	1	0	2	2	1	1	0	"Khiên Sừng"			9	3	9	28	0	100	0	0	0	0	0	0	1	0	1	1	0	0
2	1	0	2	2	1	1	0	"Khiên Diều"			12	4	12	32	0	110	0	0	0	0	0	0	1	0	1	1	0	0
3	1	0	2	2	1	1	0	"Khiên Tiên Nữ"			21	8	21	36	0	30	100	0	0	0	0	0	0	1	0	0	0	0
4	1	18	2	2	1	1	0	"Khiên Sắt"			6	2	6	24	0	80	0	0	0	0	0	1	1	1	1	1	0	0
5	1	18	2	2	1	1	0	"Khiên Kim Long"			35	10	36	44	0	100	40	0	0	0	0	0	1	0	1	1	0	0
6	1	18	2	2	1	1	0	"Khiên Xương"			15	5	15	34	0	110	0	0	0	0	0	1	1	1	1	1	0	0
7	1	18	2	2	1	1	0	"Khiên Chông"			30	9	30	40	0	130	0	0	0	0	0	0	1	0	1	1	0	0
8	1	18	2	2	1	1	0	"Khiên Trụ"			40	11	40	46	0	130	0	0	0	0	0	0	1	1	1	1	0	0
9	1	18	2	2	1	1	0	"Khiên Gia Huy"			25	8	25	38	0	120	0	0	0	0	0	0	1	0	1	1	0	0
10	1	18	2	2	1	1	0	"Khiên Bạc"			18	6	18	35	0	120	0	0	0	0	0	0	1	0	1	1	0	0
11	1	18	2	2	1	1	0	"Khiên Xà"			45	12	45	48	0	130	0	0	0	0	0	0	1	1	1	1	0	0
12	1	18	2	2	1	1	0	"Khiên Ngưu Vương"			54	13	54	52	0	140	0	0	0	0	0	0	1	0	1	0	0	0
13	1	18	2	2	1	1	0	"Khiên Hỏa Long"			60	14	60	60	0	120	40	0	0	0	0	0	1	0	1	0	0	0
14	1	0	2	3	1	1	0	"Khiên Ma Thuật"			48	7	48	50	0	90	25	0	0	0	0	1	0	1	1	0	0	0
15	1	0	2	3	1	1	0	"Khiên Triệu Hồn"			74	12	55	55	0	70	23	0	0	0	0	2	0	0	0	0	0	0
16	1	0	2	2	1	1	0	"Khiên Thánh Nữ"			66	11	28	51	0	30	60	30	0	0	0	0	0	2	0	0	0	0
17	1	18	2	2	1	1	0	"Khiên Vinh Quang"			104	19	90	51	380	95	48	0	0	0	0	0	2	0	0	0	0	0
18	1	18	2	2	1	1	0	"Khiên Giác Đấu"			102	20	96	51	380	80	61	0	0	0	0	0	0	0	1	0	0	0
19	1	0	2	2	1	1	0	"Khiên Băng Tinh"			99	14	58	51	380	26	53	26	0	0	0	0	0	2	0	0	0	0
20	1	18	2	2	1	1	0	"Khiên Bạch Dương"			106	12	30	51	380	54	18	0	0	0	0	2	0	0	0	0	0	0
21	1	18	2	2	1	1	0	"Khiên Thập Tự"			70	16	75	65	0	140	55	0	0	0	0	0	0	0	0	1	0	0
30	1	18	2	2	1	1	0	"Khiên Huyết Thần"			104	29	90	51	380	95	48	0	0	0	0	2	2	2	1	2	2	0
31	1	18	2	2	1	1	0	"Khiên Hắc Thần"			104	39	100	51	380	95	48	0	0	0	0	2	2	2	1	2	2	0
32	1	18	2	2	1	1	0	"Khiên Thánh Thần"			104	49	110	51	380	95	48	0	0	0	0	2	2	2	1	2	2	0
33	1	18	2	2	1	1	0	"Khiên Thức Tỉnh"			104	59	120	51	380	95	48	0	0	0	0	2	2	2	1	2	2	0
34	1	18	2	2	1	1	0	"Khiên Mắt Xanh"			104	69	130	51	380	95	48	0	0	0	0	2	2	2	1	2	2	0
35	1	18	2	2	1	1	0	"Khiên Tim Bạc"			104	79	140	51	380	95	48	0	0	0	0	2	2	2	1	2	2	0
end

//Index	Slot	Skill	X	Y	Serial	Option	Drop	Name							level	Defense	MagicDefense	Dur	ReqLvl	ReqStr	ReqDex	ReqEne	ReqVit	ReqLead	SetAttr	DW/SM	DK/BK	ELF/ME	MG	DL SUM	RF
7
0	2	0	2	2	1	1	0	"Mũ Đồng"			16	9	0	34	0	80	20	0	0	0	0	0	1	0	0	1	0	0
1	2	0	2	2	1	1	0	"Mũ Hỏa Long"			57	24	0	68	0	120	30	0	0	0	0	0	1	0	0	0	0	0
2	2	0	2	2	1	1	0	"Mũ Vải Thô"			5	4	0	28	0	20	0	0	0	0	0	1	0	0	0	0	0	0
3	2	0	2	2	1	1	0	"Mũ Ma Thuật"			50	18	0	42	0	30	0	0	0	0	0	1	0	0	0	0	0	0
4	2	0	2	2	1	1	0	"Mũ Xương"			18	9	0	30	0	30	0	0	0	0	0	1	0	0	0	0	0	0
5	2	0	2	2	1	1	0	"Mũ Da"			6	5	0	30	0	80	0	0	0	0	0	0	1	0	0	1	0	0
6	2	0	2	2	1	1	0	"Mũ Trâu Xanh"			26	12	0	40	0	110	0	0	0	0	0	0	1	0	0	1	0	1
7	2	0	2	2	1	1	0	"Mũ Nhân Sư"			32	13	0	36	0	30	0	0	0	0	0	1	0	0	0	0	0	0
8	2	0	2	2	1	1	0	"Mũ Thiên Kim"			36	17	0	44	0	100	30	0	0	0	0	0	1	0	0	0	0	1
9	2	0	2	2	1	1	0	"Mũ Thiết Phiến"			46	20	0	50	0	130	0	0	0	0	0	0	1	0	0	0	0	1
10	2	0	2	2	1	1	0	"Mũ Trinh Nữ"			6	4	0	22	0	30	60	0	0	0	0	0	0	1	0	0	0	0
11	2	0	2	2	1	1	0	"Mũ Lụa"			16	8	0	26	0	30	70	0	0	0	0	0	0	1	0	0	0	0
12	2	0	2	2	1	1	0	"Mũ Thiên Thanh"			28	12	0	32	0	30	80	0	0	0	0	0	0	1	0	0	0	0
13	2	0	2	2	1	1	0	"Mũ Ngọc Bích"			40	16	0	38	0	40	80	0	0	0	0	0	0	1	0	0	0	0
14	2	0	2	2	1	1	0	"Mũ Kim Ngân"			53	23	0	45	0	40	80	0	0	0	0	0	0	1	0	0	0	0
16	2	0	2	2	1	1	0	"Mũ Hắc Long"			82	30	0	74	0	170	60	0	0	0	0	0	1	0	0	0	0	0
17	2	0	2	2	1	1	0	"Mũ Phượng Hoàng"			92	43	0	80	0	205	62	0	0	0	0	0	2	0	0	0	0	0
18	2	0	2	2	1	1	0	"Mũ Triệu Hồn"			81	27	0	67	0	59	20	0	0	0	0	2	0	0	0	0	0	0
19	2	0	2	2	1	1	0	"Mũ Giai Nhân"			85	37	0	74	0	50	110	0	0	0	0	0	0	2	0	0	0	0
21	2	0	2	2	1	1	0	"Mũ Thần Long"			104	53	0	86	0	200	58	0	0	0	0	0	2	0	0	0	0	0
22	2	0	2	2	1	1	0	"Mũ Ma Vương"			110	36	0	75	0	55	18	0	0	0	0	2	0	0	0	0	0	0
24	2	0	2	2	1	1	0	"Mũ Thánh Nữ"			93	46	0	80	0	52	115	0	0	0	0	0	0	2	0	0	0	0
25	2	0	2	2	1	1	0	"Mũ Thiết Ma"			46	20	0	42	0	70	20	0	0	0	0	0	0	0	0	1	0	0
26	2	0	2	2	1	1	0	"Mũ Huyền Thiết"			66	24	0	56	0	77	21	0	0	0	0	0	0	0	0	1	0	0
27	2	0	2	2	1	1	0	"Mũ Hắc Vương"			86	26	0	70	0	84	22	0	0	0	0	0	0	0	0	1	0	0
28	2	0	2	2	1	1	0	"Mũ Chí Tôn"			106	34	0	78	0	80	21	0	0	0	0	0	0	0	0	1	0	0
29	2	0	2	2	1	1	0	"Mũ Quyền Năng"			130	66	0	90	380	170	60	0	0	0	0	0	2	0	0	0	0	0
30	2	0	2	2	1	1	0	"Mũ Thần Ma"			126	48	0	86	380	44	15	0	0	0	0	2	0	0	0	0	0	0
31	2	0	2	2	1	1	0	"Mũ Thái Bình"			126	57	0	86	380	38	80	0	0	0	0	0	0	2	0	0	0	0
33	2	0	2	2	1	1	0	"Mũ Thái Dương"			130	46	0	82	380	62	16	0	0	0	0	0	0	0	0	1	0	0
34	2	0	2	2	1	1	0	"Mũ Hắc Điểu"			67	27	0	72	0	160	50	0	0	0	0	0	1	0	0	0	0	0
35	2	0	2	2	1	1	0	"Mũ Ánh Trăng"			67	22	0	54	0	53	12	0	0	0	0	1	0	0	0	0	0	0
36	2	0	2	2	1	1	0	"Mũ Nữ Thần"			67	30	0	59	0	50	70	0	0	0	0	0	0	1	0	0	0	0
38	2	0	2	2	1	1	0	"Mũ Hoàng Kim"			97	30	0	74	0	80	21	0	0	0	0	0	0	0	0	1	0	0
39	2	0	2	2	1	1	0	"Mũ Thuật Sĩ"			28	13	0	36	0	31	0	0	0	0	0	0	0	0	0	0	1	0
40	2	0	2	2	1	1	0	"Mũ Hỏa Thiên"			50	18	0	42	0	26	4	0	0	0	0	0	0	0	0	0	1	0
41	2	0	2	2	1	1	0	"Mũ Ma Pháp"			68	24	0	54	0	52	16	0	0	0	0	0	0	0	0	0	1	0
42	2	0	2	2	1	1	0	"Mũ Phục Ma"			81	32	0	67	0	60	20	0	0	0	0	0	0	0	0	0	2	0
43	2	0	2	2	1	1	0	"Mũ Bão Điện"			110	43	0	75	380	56	20	0	0	0	0	0	0	0	0	0	2	0
44	2	0	2	2	1	1	0	"Mũ Nữ Vương"			126	54	0	86	0	84	27	0	0	0	0	0	0	0	0	0	2	0
45	2	0	2	2	1	1	0	"Mũ Thần Thoại"			111	63	0	86	380	222	32	0	0	0	0	0	1	0	0	0	0	0
46	2	0	2	2	1	1	0	"Mũ Hoàng Long"			107	51	0	86	380	74	162	0	0	0	0	0	1	0	0	0	0	0
49	2	0	2	2	1	1	0	"Mũ Thiên Vũ"			111	50	0	86	380	55	197	0	0	0	0	0	0	1	0	0	0	0
50	2	0	2	2	1	1	0	"Mũ Anh Vũ"			104	44	0	86	380	32	29	138	0	0	0	0	0	1	0	0	0	0
51	2	0	2	2	1	1	0	"Mũ Đế Vương"			111	44	0	86	380	105	38	0	0	0	0	0	0	0	0	1	0	0
52	2	0	2	2	1	1	0	"Mũ Quỷ Vương"			109	41	0	86	380	60	15	181	0	0	0	1	0	0	0	0	0	0
53	2	0	2	2	1	1	0	"Mũ Chiêm Tinh"			112	98	0	86	380	65	15	0	0	0	0	0	0	0	0	0	2	0
59	2	0	2	2	1	1	0	"Mũ Địa Long"			54	24	0	52	0	85	0	0	75	0	0	0	0	0	0	0	0	1
60	2	0	2	2	1	1	0	"Mũ Bạch Hỗ"			70	32	0	68	0	100	0	0	90	0	0	0	0	0	0	0	0	1
61	2	0	2	2	1	1	0	"Mũ Quyền Lực"			90	45	0	82	0	115	0	0	100	0	0	0	0	0	0	0	0	1
62	2	0	2	2	1	1	0	"Mũ Trâu Xanh - HK"			26	16	0	255	1	0	0	0	0	0	0	0	1	0	0	1	0	1
63	2	0	2	2	1	1	0	"Mũ Lụa - HK"			16	11	0	255	1	0	0	0	0	0	0	0	0	1	0	0	0	0
64	2	0	2	2	1	1	0	"Mũ Nhân Sư - HK"			32	17	0	255	1	0	0	0	0	0	0	1	0	0	0	0	0	0
65	2	0	2	2	1	1	0	"Mũ Thuật Sĩ - HK"			28	17	0	255	1	0	0	0	0	0	0	0	0	0	0	0	1	0
66	2	0	2	2	1	1	0	"Mũ Huyền Thiết - HK"			66	29	0	255	150	0	0	0	0	0	0	0	0	0	0	1	0	0
67	2	0	2	2	1	1	0	"Mũ Hỏa Long - HK"			57	29	0	255	150	0	0	0	0	0	0	0	1	0	0	0	0	0
68	2	0	2	2	1	1	0	"Mũ Kim Ngân - HK"			53	28	0	255	150	0	0	0	0	0	0	0	0	1	0	0	0	0
69	2	0	2	2	1	1	0	"Mũ Ma Thuật - HK"			50	23	0	255	150	0	0	0	0	0	0	1	0	0	0	0	0	0
70	2	0	2	2	1	1	0	"Mũ Hỏa Thiên - HK"			50	20	0	255	150	0	0	0	0	0	0	0	0	0	0	0	1	0
72	2	0	2	2	1	1	0	"Mũ Bạch Hổ - HK"			70	32	0	255	150	0	0	0	0	0	0	0	0	0	0	0	0	1
73	2	0	2	2	1	1	0	"Mũ Bạch Long"			128	60	0	88	380	97	0	0	85	0	0	0	0	0	0	0	0	1
77	2	0	2	2	1	1	0	"Mũ Huyết Long"			140	88	0	88	380	105	0	0	85	0	0	0	0	0	0	0	0	1
98	2	0	2	2	1	1	0	"Mũ Huyết Thần DK"			143	125	0	90	380	200	33	0	0	0	0	0	3	0	0	0	0	0
99	2	0	2	2	1	1	0	"Mũ Huyết Thần DW"			143	125	0	90	380	45	13	171	0	0	0	3	0	0	0	0	0	0
100	2	0	2	2	1	1	0	"Mũ Huyết Thần Elf"			143	125	0	90	380	14	31	127	0	0	0	0	0	3	0	0	0	0
101	2	0	2	2	1	1	0	"Mũ Huyết Thần SUM"			143	125	0	90	380	56	19	157	0	0	0	0	0	0	0	0	3	0
103	2	0	2	2	1	1	0	"Mũ Huyết Thần DL"			143	125	0	90	380	112	22	0	0	0	0	0	0	0	0	3	0	0
104	2	0	2	2	1	1	0	"Mũ Huyết Thần RF"			128	125	0	88	380	105	0	0	85	0	0	0	0	0	0	0	0	1
106	2	0	2	2	1	1	0	"Mũ Hắc Thần DK"			143	130	0	90	380	200	33	0	0	0	0	0	3	0	0	0	0	0
107	2	0	2	2	1	1	0	"Mũ Hắc Thần DW"			143	130	0	90	380	45	13	171	0	0	0	3	0	0	0	0	0	0
108	2	0	2	2	1	1	0	"Mũ Hắc Thần Elf"			143	130	0	90	380	14	31	127	0	0	0	0	0	3	0	0	0	0
109	2	0	2	2	1	1	0	"Mũ Hắc Thần SUM"			143	130	0	90	380	56	19	157	0	0	0	0	0	0	0	0	3	0
111	2	0	2	2	1	1	0	"Mũ Hắc Thần DL"			143	130	0	90	380	112	22	0	0	0	0	0	0	0	0	3	0	0
112	2	0	2	2	1	1	0	"Mũ Hắc Thần RF"			143	130	0	90	380	105	0	0	85	0	0	0	0	0	0	0	0	1
138	2	0	2	2	1	1	0	"Mũ Thánh Thần DK"			145	135	0	90	380	200	33	0	0	0	0	0	3	0	0	0	0	0
139	2	0	2	2	1	1	0	"Mũ Thánh Thần DW"			145	135	0	90	380	45	13	171	0	0	0	3	0	0	0	0	0	0
140	2	0	2	2	1	1	0	"Mũ Thánh Thần Elf"			145	135	0	90	380	14	31	127	0	0	0	0	0	3	0	0	0	0
141	2	0	2	2	1	1	0	"Mũ Thánh Thần SUM"			145	135	0	90	380	56	19	157	0	0	0	0	0	0	0	0	3	0
143	2	0	2	2	1	1	0	"Mũ Thánh Thần DL"			145	135	0	90	380	112	22	0	0	0	0	0	0	0	0	3	0	0
144	2	0	2	2	1	1	0	"Mũ Thánh Thần RF"			145	135	0	90	380	105	0	0	85	0	0	0	0	0	0	0	0	1
150	2	0	2	2	1	1	0	"Mũ Thức Tỉnh DK"			146	140	0	90	380	200	33	0	0	0	0	0	3	0	0	0	0	0
151	2	0	2	2	1	1	0	"Mũ Thức Tỉnh DW"			146	140	0	90	380	45	13	171	0	0	0	3	0	0	0	0	0	0
152	2	0	2	2	1	1	0	"Mũ Thức Tỉnh Elf"			146	140	0	90	380	14	31	127	0	0	0	0	0	3	0	0	0	0
153	2	0	2	2	1	1	0	"Mũ Thức Tỉnh SUM"			146	140	0	90	380	56	19	157	0	0	0	0	0	0	0	0	3	0
155	2	0	2	2	1	1	0	"Mũ Thức Tỉnh DL"			146	140	0	90	380	112	22	0	0	0	0	0	0	0	0	3	0	0
156	2	0	2	2	1	1	0	"Mũ Thức Tỉnh RF"			146	140	0	90	380	105	0	0	85	0	0	0	0	0	0	0	0	1
164	2	0	2	2	1	1	0	"Mũ Mắt Xanh DK"			146	150	0	90	380	200	33	0	0	0	0	0	3	0	0	0	0	0
165	2	0	2	2	1	1	0	"Mũ Mắt Xanh DW"			146	150	0	90	380	45	13	171	0	0	0	3	0	0	0	0	0	0
166	2	0	2	2	1	1	0	"Mũ Mắt Xanh Elf"			146	150	0	90	380	14	31	127	0	0	0	0	0	3	0	0	0	0
167	2	0	2	2	1	1	0	"Mũ Mắt Xanh SUM"			146	150	0	90	380	56	19	157	0	0	0	0	0	0	0	0	3	0
169	2	0	2	2	1	1	0	"Mũ Mắt Xanh DL"			146	150	0	90	380	112	22	0	0	0	0	0	0	0	0	3	0	0
170	2	0	2	2	1	1	0	"Mũ Mắt Xanh RF"			146	150	0	90	380	105	0	0	85	0	0	0	0	0	0	0	0	1
189	2	0	2	2	1	1	0	"Mũ Tim Bạc DK"			148	160	0	90	380	200	33	0	0	0	0	0	3	0	0	0	0	0
190	2	0	2	2	1	1	0	"Mũ Tim Bạc DW"			148	160	0	90	380	45	13	171	0	0	0	3	0	0	0	0	0	0
191	2	0	2	2	1	1	0	"Mũ Tim Bạc Elf"			148	160	0	90	380	14	31	127	0	0	0	0	0	3	0	0	0	0
192	2	0	2	2	1	1	0	"Mũ Tim Bạc SUM"			148	160	0	90	380	56	19	157	0	0	0	0	0	0	0	0	3	0
194	2	0	2	2	1	1	0	"Mũ Tim Bạc DL"			148	160	0	90	380	112	22	0	0	0	0	0	0	0	0	3	0	0
195	2	0	2	2	1	1	0	"Mũ Tim Bạc RF"			148	160	0	90	380	105	0	0	85	0	0	0	0	0	0	0	0	1
end

//Index	Slot	Skill	X	Y	Serial	Option	Drop	Name							level	Defense	MagicDefense	Dur	ReqLvl	ReqStr	ReqDex	ReqEne	ReqVit	ReqLead	SetAttr	DW/SM	DK/BK	ELF/ME	MG	DL SUM	RF
8
0	3	0	2	2	1	1	0	"Áo Đồng"			18	14	0	34	0	80	20	0	0	0	0	0	1	0	1	1	0	0
1	3	0	2	3	1	1	0	"Áo Hỏa Long"			59	37	0	68	0	120	30	0	0	0	0	0	1	0	1	0	0	0
2	3	0	2	2	1	1	0	"Áo Vải Thô"			10	7	0	28	0	30	0	0	0	0	0	1	0	0	1	0	0	0
3	3	0	2	2	1	1	0	"Áo Ma Thuật"			56	22	0	42	0	40	0	0	0	0	0	1	0	0	1	0	0	0
4	3	0	2	2	1	1	0	"Áo Xương"			22	13	0	30	0	40	0	0	0	0	0	1	0	0	1	0	0	0
5	3	0	2	3	1	1	0	"Áo Da"			10	10	0	30	0	80	0	0	0	0	0	0	1	0	1	1	0	0
6	3	0	2	2	1	1	0	"Áo Trâu Xanh"			28	18	0	40	0	110	0	0	0	0	0	0	1	0	1	1	0	1
7	3	0	2	3	1	1	0	"Áo Nhân Sư"			38	17	0	36	0	40	0	0	0	0	0	1	0	0	1	0	0	0
8	3	0	2	2	1	1	0	"Áo Thiên Kim"			38	22	0	44	0	100	30	0	0	0	0	0	1	0	1	0	0	1
9	3	0	2	2	1	1	0	"Áo Thiết Phiến"			48	30	0	50	0	130	0	0	0	0	0	0	1	0	1	0	0	1
10	3	0	2	2	1	1	0	"Áo Trinh Nữ"			10	8	0	22	0	30	60	0	0	0	0	0	0	1	0	0	0	0
11	3	0	2	2	1	1	0	"Áo Lụa"			20	12	0	26	0	30	70	0	0	0	0	0	0	1	0	0	0	0
12	3	0	2	2	1	1	0	"Áo Thiên Thanh"			32	16	0	32	0	30	80	0	0	0	0	0	0	1	0	0	0	0
13	3	0	2	2	1	1	0	"Áo Ngọc Bích"			44	21	0	38	0	40	80	0	0	0	0	0	0	1	0	0	0	0
14	3	0	2	2	1	1	0	"Áo Kim Ngân"			57	29	0	45	0	40	80	0	0	0	0	0	0	1	0	0	0	0
15	3	0	2	3	1	1	0	"Áo Phong Vũ"			80	44	0	80	0	150	70	0	0	0	0	0	0	0	1	0	0	0
16	3	0	2	3	1	1	0	"Áo Hắc Long"			90	48	0	74	0	170	60	0	0	0	0	0	1	0	0	0	0	0
17	3	0	2	3	1	1	0	"Áo Phượng Hoàng"			100	63	0	80	0	214	65	0	0	0	0	0	2	0	0	0	0	0
18	3	0	2	3	1	1	0	"Áo Triệu Hồn"			91	33	0	67	0	59	20	0	0	0	0	2	0	0	0	0	0	0
19	3	0	2	2	1	1	0	"Áo Giai Nhân"			92	44	0	74	0	50	110	0	0	0	0	0	0	2	0	0	0	0
20	3	0	2	3	1	1	0	"Áo Lôi Phong"			107	60	0	82	0	170	70	0	0	0	0	0	0	0	1	0	0	0
21	3	0	2	3	1	1	0	"Áo Thần Long"			126	75	0	86	0	200	58	0	0	0	0	0	2	0	0	0	0	0
22	3	0	2	3	1	1	0	"Áo Ma Vương"			122	43	0	75	0	55	18	0	0	0	0	2	0	0	0	0	0	0
23	3	0	2	3	1	1	0	"Áo Cuồng Phong"			128	73	0	90	0	162	66	0	0	0	0	0	0	0	1	0	0	0
24	3	0	2	2	1	1	0	"Áo Thánh Nữ"			109	55	0	80	0	52	115	0	0	0	0	0	0	2	0	0	0	0
25	3	0	2	3	1	1	0	"Áo Thiết Ma"			62	25	0	42	0	70	20	0	0	0	0	0	0	0	0	1	0	0
26	3	0	2	3	1	1	0	"Áo Huyền Thiết"			78	36	0	56	0	77	21	0	0	0	0	0	0	0	0	1	0	0
27	3	0	2	3	1	1	0	"Áo Hắc Vương"			96	43	0	70	0	84	22	0	0	0	0	0	0	0	0	1	0	0
28	3	0	2	3	1	1	0	"Áo Chí Tôn"			117	51	0	78	0	80	21	0	0	0	0	0	0	0	0	1	0	0
29	3	0	2	3	1	1	0	"Áo Quyền Năng"			140	88	0	90	380	170	60	0	0	0	0	0	2	0	0	0	0	0
30	3	0	2	3	1	1	0	"Áo Thần Ma"			146	57	0	86	380	44	15	0	0	0	0	2	0	0	0	0	0	0
31	3	0	2	3	1	1	0	"Áo Thái Bình"			146	68	0	86	380	38	80	0	0	0	0	0	0	2	0	0	0	0
32	3	0	2	3	1	1	0	"Áo Hồng Long"			147	86	0	95	380	145	60	0	0	0	0	0	0	0	1	0	0	0
33	3	0	2	3	1	1	0	"Áo Thái Dương"			147	64	0	82	380	62	16	0	0	0	0	0	0	0	0	1	0	0
34	3	0	2	3	1	1	0	"Áo Hắc Điểu"			75	42	0	72	0	160	50	0	0	0	0	0	1	0	0	0	0	0
35	3	0	2	3	1	1	0	"Áo Ánh Trăng"			75	27	0	54	0	53	12	0	0	0	0	1	0	0	0	0	0	0
36	3	0	2	3	1	1	0	"Áo Nữ Thần"			75	36	0	59	0	50	70	0	0	0	0	0	0	1	0	0	0	0
37	3	0	2	3	1	1	0	"Áo Hỏa Thần"			105	52	0	81	0	155	50	0	0	0	0	0	0	0	1	0	0	0
38	3	0	2	3	1	1	0	"Áo Hoàng Kim"			105	47	0	74	0	80	21	0	0	0	0	0	0	0	0	1	0	0
39	3	0	2	2	1	1	0	"Áo Thuật Sĩ"			34	22	0	36	0	39	0	0	0	0	0	0	0	0	0	0	1	0
40	3	0	2	2	1	1	0	"Áo Hỏa Thiên"			56	28	0	42	0	35	8	0	0	0	0	0	0	0	0	0	1	0
41	3	0	2	2	1	1	0	"Áo Ma Pháp"			75	35	0	54	0	52	16	0	0	0	0	0	0	0	0	0	1	0
42	3	0	2	2	1	1	0	"Áo Phục Ma"			91	45	0	67	0	60	20	0	0	0	0	0	0	0	0	0	2	0
43	3	0	2	2	1	1	0	"Áo Bão Điện"			122	56	0	75	380	57	19	0	0	0	0	0	0	0	0	0	2	0
44	3	0	2	2	1	1	0	"Áo Nữ Vương"			146	66	0	86	0	84	27	0	0	0	0	0	0	0	0	0	2	0
45	3	0	2	3	1	1	0	"Áo Thần Thoại"			132	81	0	86	380	222	32	0	0	0	0	0	1	0	0	0	0	0
46	3	0	2	3	1	1	0	"Áo Hoàng Long"			128	62	0	86	380	74	162	0	0	0	0	0	1	0	0	0	0	0
47	3	0	2	3	1	1	0	"Áo Bóng Ma"			131	80	0	86	380	212	57	0	0	0	0	0	0	0	1	0	0	0
48	3	0	2	3	1	1	0	"Áo Hủy Diệt"			125	66	0	86	380	62	19	165	0	0	0	0	0	0	1	0	0	0
49	3	0	2	2	1	1	0	"Áo Thiên Vũ"			129	60	0	86	380	55	197	0	0	0	0	0	0	1	0	0	0	0
50	3	0	2	2	1	1	0	"Áo Anh Vũ"			122	52	0	86	380	32	29	138	0	0	0	0	0	1	0	0	0	0
51	3	0	2	3	1	1	0	"Áo Đế Vương"			132	58	0	86	380	105	38	0	0	0	0	0	0	0	0	1	0	0
52	3	0	2	3	1	1	0	"Áo Quỷ Vương"			129	50	0	86	380	60	15	181	0	0	0	1	0	0	0	0	0	0
53	3	0	2	2	1	1	0	"Áo Chiêm Tinh"			131	98	0	86	380	65	15	0	0	0	0	0	0	0	0	0	2	0
59	3	0	2	3	1	1	0	"Áo Địa Long"			66	43	0	52	0	85	0	0	75	0	0	0	0	0	0	0	0	1
60	3	0	2	3	1	1	0	"Áo Bạch Hổ"			82	51	0	68	0	100	0	0	90	0	0	0	0	0	0	0	0	1
61	3	0	2	3	1	1	0	"Áo Quyền Lực"			101	59	0	82	0	115	0	0	100	0	0	0	0	0	0	0	0	1
62	3	0	2	2	1	1	0	"Áo Trâu Xanh - HK"			28	21	0	255	1	0	0	0	0	0	0	0	1	0	0	1	0	1
63	3	0	2	2	1	1	0	"Áo Lụa - HK"			20	14	0	255	1	0	0	0	0	0	0	0	0	1	0	0	0	0
64	3	0	2	3	1	1	0	"Áo Nhân Sư - HK"			38	19	0	255	1	0	0	0	0	0	0	1	0	0	1	0	0	0
65	3	0	2	2	1	1	0	"Áo Thuật Sĩ - HK"			34	26	0	255	1	0	0	0	0	0	0	0	0	0	0	0	1	0
66	3	0	2	3	1	1	0	"Áo Huyền Thiết - HK"			78	39	0	255	150	0	0	0	0	0	0	0	0	0	0	1	0	0
67	3	0	2	3	1	1	0	"Áo Hỏa Long - HK"			59	42	0	255	150	0	0	0	0	0	0	0	1	0	0	0	0	0
68	3	0	2	2	1	1	0	"Áo Kim Ngân - HK"			57	29	0	255	150	0	0	0	0	0	0	0	0	1	0	0	0	0
69	3	0	2	2	1	1	0	"Áo Ma Thuật - HK"			56	24	0	255	150	0	0	0	0	0	0	1	0	0	0	0	0	0
70	3	0	2	2	1	1	0	"Áo Hỏa Thiên - HK"			56	31	0	255	150	0	0	0	0	0	0	0	0	0	0	0	1	0
71	3	0	2	3	1	1	0	"Áo Phong Vũ - HK"			80	47	0	255	150	0	0	0	0	0	0	0	0	0	1	0	0	0
72	3	0	2	3	1	1	0	"Áo Bạch Hổ - HK"			82	43	0	255	150	0	0	0	0	0	0	0	0	0	0	0	0	1
73	3	0	2	3	1	1	0	"Áo Bạch Long"			143	78	0	88	380	97	0	0	85	0	0	0	0	0	0	0	0	1
77	3	0	2	3	1	1	0	"Áo Huyết Long"			143	112	0	88	360	118	0	0	85	0	0	0	0	0	0	0	0	1
98	3	0	2	3	1	1	0	"Áo Huyết Thần DK"			148	130	0	90	380	200	33	0	0	0	0	0	3	0	0	0	0	0
99	3	0	2	3	1	1	0	"Áo Huyết Thần DW"			148	130	0	90	380	45	13	171	0	0	0	3	0	0	0	0	0	0
100	3	0	2	2	1	1	0	"Áo Huyết Thần Elf"			148	130	0	90	380	14	31	127	0	0	0	0	0	3	0	0	0	0
101	3	0	2	2	1	1	0	"Áo Huyết Thần SUM"			148	130	0	90	380	56	19	157	0	0	0	0	0	0	0	0	3	0
102	3	0	2	3	1	1	0	"Áo Huyết Thần MG"			148	130	0	90	380	48	17	142	0	0	0	0	0	0	3	0	0	0
103	3	0	2	3	1	1	0	"Áo Huyết Thần DL"			148	130	0	90	380	112	22	0	0	0	0	0	0	0	0	3	0	0
104	3	0	2	3	1	1	0	"Áo Huyết Thần RF"			128	130	0	88	380	118	0	0	85	0	0	0	0	0	0	0	0	1
106	3	0	2	3	1	1	0	"Áo Hắc Thần DK"			148	135	0	90	380	200	33	0	0	0	0	0	3	0	0	0	0	0
107	3	0	2	3	1	1	0	"Áo Hắc Thần DW"			148	135	0	90	380	45	13	171	0	0	0	3	0	0	0	0	0	0
108	3	0	2	2	1	1	0	"Áo Hắc Thần Elf"			148	135	0	90	380	14	31	127	0	0	0	0	0	3	0	0	0	0
109	3	0	2	2	1	1	0	"Áo Hắc Thần SUM"			148	135	0	90	380	56	19	157	0	0	0	0	0	0	0	0	3	0
110	3	0	2	3	1	1	0	"Áo Hắc Thần MG"			148	135	0	90	380	48	17	142	0	0	0	0	0	0	3	0	0	0
111	3	0	2	3	1	1	0	"Áo Hắc Thần DL"			148	135	0	90	380	112	22	0	0	0	0	0	0	0	0	3	0	0
112	3	0	2	3	1	1	0	"Áo Hắc Thần RF"			128	135	0	88	380	118	0	0	85	0	0	0	0	0	0	0	0	1
138	3	0	2	3	1	1	0	"Áo Thánh Thần DK"			149	145	0	90	380	200	33	0	0	0	0	0	3	0	0	0	0	0
139	3	0	2	3	1	1	0	"Áo Thánh Thần DW"			149	145	0	90	380	45	13	171	0	0	0	3	0	0	0	0	0	0
140	3	0	2	2	1	1	0	"Áo Thánh Thần Elf"			149	145	0	90	380	14	31	127	0	0	0	0	0	3	0	0	0	0
141	3	0	2	2	1	1	0	"Áo Thánh Thần SUM"			149	145	0	90	380	56	19	157	0	0	0	0	0	0	0	0	3	0
142	3	0	2	3	1	1	0	"Áo Thánh Thần MG"			149	145	0	90	380	48	17	142	0	0	0	0	0	0	3	0	0	0
143	3	0	2	3	1	1	0	"Áo Thánh Thần DL"			149	145	0	90	380	112	22	0	0	0	0	0	0	0	0	3	0	0
144	3	0	2	3	1	1	0	"Áo Thánh Thần RF"			149	145	0	88	380	118	0	0	85	0	0	0	0	0	0	0	0	1
150	3	0	2	3	1	1	0	"Áo Thức Tỉnh DK"			149	150	0	90	380	200	33	0	0	0	0	0	3	0	0	0	0	0
151	3	0	2	3	1	1	0	"Áo Thức Tỉnh DW"			149	150	0	90	380	45	13	171	0	0	0	3	0	0	0	0	0	0
152	3	0	2	2	1	1	0	"Áo Thức Tỉnh Elf"			149	150	0	90	380	14	31	127	0	0	0	0	0	3	0	0	0	0
153	3	0	2	2	1	1	0	"Áo Thức Tỉnh SUM"			149	150	0	90	380	56	19	157	0	0	0	0	0	0	0	0	3	0
154	3	0	2	3	1	1	0	"Áo Thức Tỉnh MG"			149	150	0	90	380	48	17	142	0	0	0	0	0	0	3	0	0	0
155	3	0	2	3	1	1	0	"Áo Thức Tỉnh DL"			149	150	0	90	380	112	22	0	0	0	0	0	0	0	0	3	0	0
156	3	0	2	3	1	1	0	"Áo Thức Tỉnh RF"			149	150	0	88	380	118	0	0	85	0	0	0	0	0	0	0	0	1
164	3	0	2	3	1	1	0	"Áo Mắt Xanh DK"			149	160	0	90	380	200	33	0	0	0	0	0	3	0	0	0	0	0
165	3	0	2	3	1	1	0	"Áo Mắt Xanh DW"			149	160	0	90	380	45	13	171	0	0	0	3	0	0	0	0	0	0
166	3	0	2	2	1	1	0	"Áo Mắt Xanh Elf"			149	160	0	90	380	14	31	127	0	0	0	0	0	3	0	0	0	0
167	3	0	2	2	1	1	0	"Áo Mắt Xanh SUM"			149	160	0	90	380	56	19	157	0	0	0	0	0	0	0	0	3	0
168	3	0	2	3	1	1	0	"Áo Mắt Xanh MG"			149	160	0	90	380	48	17	142	0	0	0	0	0	0	3	0	0	0
169	3	0	2	3	1	1	0	"Áo Mắt Xanh DL"			149	160	0	90	380	112	22	0	0	0	0	0	0	0	0	3	0	0
170	3	0	2	3	1	1	0	"Áo Mắt Xanh RF"			149	160	0	88	380	118	0	0	85	0	0	0	0	0	0	0	0	1
189	3	0	2	3	1	1	0	"Áo Tim Bạc DK"			149	170	0	90	380	200	33	0	0	0	0	0	3	0	0	0	0	0
190	3	0	2	3	1	1	0	"Áo Tim Bạc DW"			149	170	0	90	380	45	13	171	0	0	0	3	0	0	0	0	0	0
191	3	0	2	2	1	1	0	"Áo Tim Bạc Elf"			149	170	0	90	380	14	31	127	0	0	0	0	0	3	0	0	0	0
192	3	0	2	2	1	1	0	"Áo Tim Bạc SUM"			149	170	0	90	380	56	19	157	0	0	0	0	0	0	0	0	3	0
193	3	0	2	3	1	1	0	"Áo Tim Bạc MG"			149	170	0	90	380	48	17	142	0	0	0	0	0	0	3	0	0	0
194	3	0	2	3	1	1	0	"Áo Tim Bạc DL"			149	170	0	90	380	112	22	0	0	0	0	0	0	0	0	3	0	0
195	3	0	2	3	1	1	0	"Áo Tim Bạc RF"			149	170	0	88	380	118	0	0	85	0	0	0	0	0	0	0	0	1
end

//Index	Slot	Skill	X	Y	Serial	Option	Drop	Name			level	Defense	MagicDefense	Dur	ReqLvl	ReqStr	ReqDex	ReqEne	ReqVit	ReqLead	SetAttr	DW/SM	DK/BK	ELF/ME	MG	DL SUM	RF
9
0	4	0	2	2	1	1	0	"Quần Đồng"			15	10	0	34	0	80	20	0	0	0	0	0	1	0	1	1	0	0
1	4	0	2	2	1	1	0	"Quần Hỏa Long"			55	26	0	68	0	120	30	0	0	0	0	0	1	0	1	0	0	0
2	4	0	2	2	1	1	0	"Quần Vải Thô"			8	5	0	28	0	30	0	0	0	0	0	1	0	0	1	0	0	0
3	4	0	2	2	1	1	0	"Quần Ma Thuật"			53	20	0	42	0	40	0	0	0	0	0	1	0	0	1	0	0	0
4	4	0	2	2	1	1	0	"Quần Xương"			20	10	0	30	0	40	0	0	0	0	0	1	0	0	1	0	0	0
5	4	0	2	2	1	1	0	"Quần Da"			8	7	0	30	0	80	0	0	0	0	0	0	1	0	1	1	0	0
6	4	0	2	2	1	1	0	"Quần Trâu Xanh"			25	14	0	40	0	110	0	0	0	0	0	0	1	0	1	1	0	1
7	4	0	2	2	1	1	0	"Quần Nhân Sư"			34	15	0	36	0	40	0	0	0	0	0	1	0	0	1	0	0	0
8	4	0	2	2	1	1	0	"Quần Thiên Kim"			35	18	0	44	0	100	30	0	0	0	0	0	1	0	1	0	0	1
9	4	0	2	2	1	1	0	"Quần Thiết Phiến"			45	22	0	50	0	130	0	0	0	0	0	0	1	0	1	0	0	1
10	4	0	2	2	1	1	0	"Quần Trinh Nữ"			8	6	0	22	0	30	60	0	0	0	0	0	0	1	0	0	0	0
11	4	0	2	2	1	1	0	"Quần Lụa"			18	10	0	26	0	30	70	0	0	0	0	0	0	1	0	0	0	0
12	4	0	2	2	1	1	0	"Quần Thiên Thanh"			30	14	0	32	0	30	80	0	0	0	0	0	0	1	0	0	0	0
13	4	0	2	2	1	1	0	"Quần Ngọc Bích"			42	18	0	38	0	40	80	0	0	0	0	0	0	1	0	0	0	0
14	4	0	2	2	1	1	0	"Quần Kim Ngân"			54	25	0	45	0	40	80	0	0	0	0	0	0	1	0	0	0	0
15	4	0	2	2	1	1	0	"Quần Phong Vũ"			74	34	0	80	0	150	70	0	0	0	0	0	0	0	1	0	0	0
16	4	0	2	2	1	1	0	"Quần Hắc Long"			84	40	0	74	0	170	60	0	0	0	0	0	1	0	0	0	0	0
17	4	0	2	2	1	1	0	"Quần Phượng Hoàng"			96	54	0	80	0	207	63	0	0	0	0	0	2	0	0	0	0	0
18	4	0	2	2	1	1	0	"Quần Triệu Hồn"			86	30	0	67	0	59	20	0	0	0	0	2	0	0	0	0	0	0
19	4	0	2	2	1	1	0	"Quần Giai Nhân"			88	39	0	74	0	50	110	0	0	0	0	0	0	2	0	0	0	0
20	4	0	2	2	1	1	0	"Quần Lôi Phong"			99	49	0	82	0	150	70	0	0	0	0	0	0	0	1	0	0	0
21	4	0	2	2	1	1	0	"Quần Thần Long"			113	65	0	86	0	200	58	0	0	0	0	0	2	0	0	0	0	0
22	4	0	2	2	1	1	0	"Quần Ma Vương"			117	39	0	75	0	55	18	0	0	0	0	2	0	0	0	0	0	0
23	4	0	2	2	1	1	0	"Quần Cuồng Phong"			122	61	0	90	0	162	66	0	0	0	0	0	0	0	1	0	0	0
24	4	0	2	2	1	1	0	"Quần Thánh Nữ"			100	48	0	80	0	52	115	0	0	0	0	0	0	2	0	0	0	0
25	4	0	2	2	1	1	0	"Quần Thiết Ma"			50	21	0	42	0	70	20	0	0	0	0	0	0	0	0	1	0	0
26	4	0	2	2	1	1	0	"Quần Huyền Thiết"			70	26	0	56	0	77	21	0	0	0	0	0	0	0	0	1	0	0
27	4	0	2	2	1	1	0	"Quần Hắc Vương"			92	31	0	70	0	84	22	0	0	0	0	0	0	0	0	1	0	0
28	4	0	2	2	1	1	0	"Quần Chí Tôn"			110	39	0	78	0	80	21	0	0	0	0	0	0	0	0	1	0	0
29	4	0	2	2	1	1	0	"Quần Quyền Năng"			134	78	0	90	380	170	60	0	0	0	0	0	2	0	0	0	0	0
30	4	0	2	2	1	1	0	"Quần Thần Ma"			135	55	0	86	380	44	15	0	0	0	0	2	0	0	0	0	0	0
31	4	0	2	2	1	1	0	"Quần Thái Bình"			135	61	0	86	380	38	80	0	0	0	0	0	0	2	0	0	0	0
32	4	0	2	2	1	1	0	"Quần Hồng Long"			135	74	0	95	380	145	60	0	0	0	0	0	0	0	1	0	0	0
33	4	0	2	2	1	1	0	"Quần Thái Dương"			140	52	0	82	380	62	16	0	0	0	0	0	0	0	0	1	0	0
34	4	0	2	2	1	1	0	"Quần Hắc Điểu"			69	33	0	72	0	160	50	0	0	0	0	0	1	0	0	0	0	0
35	4	0	2	2	1	1	0	"Quần Ánh Trăng"			69	25	0	54	0	53	12	0	0	0	0	1	0	0	0	0	0	0
36	4	0	2	2	1	1	0	"Quần Nữ Thần"			69	32	0	59	0	50	70	0	0	0	0	0	0	1	0	0	0	0
37	4	0	2	2	1	1	0	"Quần Hỏa Thần"			101	41	0	81	0	155	50	0	0	0	0	0	0	0	1	0	0	0
38	4	0	2	2	1	1	0	"Quần Hoàng Kim"			101	35	0	74	0	80	21	0	0	0	0	0	0	0	0	1	0	0
39	4	0	2	2	1	1	0	"Quần Thuật Sĩ"			30	16	0	36	0	36	0	0	0	0	0	0	0	0	0	0	1	0
40	4	0	2	2	1	1	0	"Quần Hỏa Thiên"			53	22	0	42	0	35	7	0	0	0	0	0	0	0	0	0	1	0
41	4	0	2	2	1	1	0	"Quần Ma Pháp"			72	28	0	54	0	49	16	0	0	0	0	0	0	0	0	0	1	0
42	4	0	2	2	1	1	0	"Quần Phục Ma"			86	37	0	67	0	60	20	0	0	0	0	0	0	0	0	0	2	0
43	4	0	2	2	1	1	0	"Quần Bão Điện"			117	49	0	75	380	57	19	0	0	0	0	0	0	0	0	0	2	0
44	4	0	2	2	1	1	0	"Quần Nữ Vương"			135	59	0	86	0	84	27	0	0	0	0	0	0	0	0	0	2	0
45	4	0	2	2	1	1	0	"Quần Thần Thoại"			116	74	0	86	380	222	32	0	0	0	0	0	1	0	0	0	0	0
46	4	0	2	2	1	1	0	"Quần Hoàng Long"			112	58	0	86	380	74	162	0	0	0	0	0	1	0	0	0	0	0
47	4	0	2	2	1	1	0	"Quần Bóng Ma"			115	66	0	86	380	212	57	0	0	0	0	0	0	0	1	0	0	0
48	4	0	2	2	1	1	0	"Quần Hủy Diệt"			113	51	0	86	380	62	19	165	0	0	0	0	0	0	1	0	0	0
49	4	0	2	2	1	1	0	"Quần Thiên Vũ"			116	53	0	86	380	55	197	0	0	0	0	0	0	1	0	0	0	0
50	4	0	2	2	1	1	0	"Quần Anh Vũ"			109	46	0	86	380	32	29	138	0	0	0	0	0	1	0	0	0	0
51	4	0	2	2	1	1	0	"Quần Đế Vương"			116	46	0	86	380	105	38	0	0	0	0	0	0	0	0	1	0	0
52	4	0	2	2	1	1	0	"Quần Quỷ Vương"			114	44	0	86	380	60	15	181	0	0	0	1	0	0	0	0	0	0
53	4	0	2	2	1	1	0	"Quần Chiêm Tinh"			115	94	0	86	380	65	15	0	0	0	0	0	0	0	0	0	2	0
59	4	0	2	2	1	1	0	"Quần Địa Long"			62	33	0	52	0	85	0	0	75	0	0	0	0	0	0	0	0	1
60	4	0	2	2	1	1	0	"Quần Bạch Hổ"			78	41	0	68	0	100	0	0	90	0	0	0	0	0	0	0	0	1
61	4	0	2	2	1	1	0	"Quần Quyền Lực"			95	49	0	82	0	115	0	0	100	0	0	0	0	0	0	0	0	1
62	4	0	2	2	1	1	0	"Quần Trâu Xanh - HK"			25	18	0	255	1	0	0	0	0	0	0	0	1	0	1	1	0	1
63	4	0	2	2	1	1	0	"Quần Lụa - HK"			18	13	0	255	1	0	0	0	0	0	0	0	0	1	0	0	0	0
64	4	0	2	2	1	1	0	"Quần Nhân Sư - HK"			34	19	0	255	1	0	0	0	0	0	0	1	0	0	0	0	0	0
65	4	0	2	2	1	1	0	"Quần Thuật Sĩ - HK"			30	20	0	255	1	0	0	0	0	0	0	0	0	0	0	0	1	0
66	4	0	2	2	1	1	0	"Quần Huyền Thiết - HK"			70	31	0	255	150	0	0	0	0	0	0	0	0	0	0	1	0	0
67	4	0	2	2	1	1	0	"Quần Hỏa Long - HK"			55	28	0	255	150	0	0	0	0	0	0	0	1	0	0	0	0	0
68	4	0	2	2	1	1	0	"Quần Kim Ngân - HK"			54	30	0	255	150	0	0	0	0	0	0	0	0	1	0	0	0	0
69	4	0	2	2	1	1	0	"Quần Ma Thuật - HK"			53	25	0	255	150	0	0	0	0	0	0	1	0	0	0	0	0	0
70	4	0	2	2	1	1	0	"Quần Hỏa Thiên - HK"			53	26	0	255	150	0	0	0	0	0	0	0	0	0	0	0	1	0
71	4	0	2	2	1	1	0	"Quần Phong Vũ - HK"			74	39	0	255	150	0	0	0	0	0	0	0	0	0	1	0	0	0
72	4	0	2	2	1	1	0	"Quần Bạch Hổ - HK"			78	33	0	255	150	0	0	0	0	0	0	0	0	0	0	0	0	1
73	4	0	2	2	1	1	0	"Quần Bạch Long"			134	68	0	88	380	97	0	0	85	0	0	0	0	0	0	0	0	1
77	4	0	2	2	1	1	0	"Quần Huyết Long"			144	88	0	88	380	108	0	0	85	0	0	0	0	0	0	0	0	1
98	4	0	2	2	1	1	0	"Quần Huyết Thần DK"			145	130	0	90	380	200	33	0	0	0	0	0	3	0	0	0	0	0
99	4	0	2	2	1	1	0	"Quần Huyết Thần DW"			145	130	0	90	380	45	13	171	0	0	0	3	0	0	0	0	0	0
100	4	0	2	2	1	1	0	"Quần Huyết Thần Elf"			145	130	0	90	380	14	31	127	0	0	0	0	0	3	0	0	0	0
101	4	0	2	2	1	1	0	"Quần Huyết Thần SUM"			145	130	0	90	380	56	19	157	0	0	0	0	0	0	0	0	3	0
102	4	0	2	2	1	1	0	"Quần Huyết Thần MG"			145	130	0	90	380	48	17	142	0	0	0	0	0	0	3	0	0	0
103	4	0	2	2	1	1	0	"Quần Huyết Thần DL"			145	130	0	90	380	112	22	0	0	0	0	0	0	0	0	3	0	0
104	4	0	2	2	1	1	0	"Quần Huyết Thần RF"			134	130	0	88	380	108	0	0	85	0	0	0	0	0	0	0	0	1
106	4	0	2	2	1	1	0	"Quần Hắc Thần DK"			145	135	0	90	380	200	33	0	0	0	0	0	3	0	0	0	0	0
107	4	0	2	2	1	1	0	"Quần Hắc Thần DW"			145	135	0	90	380	45	13	171	0	0	0	3	0	0	0	0	0	0
108	4	0	2	2	1	1	0	"Quần Hắc Thần Elf"			145	135	0	90	380	14	31	127	0	0	0	0	0	3	0	0	0	0
109	4	0	2	2	1	1	0	"Quần Hắc Thần SUM"			145	135	0	90	380	56	19	157	0	0	0	0	0	0	0	0	3	0
110	4	0	2	2	1	1	0	"Quần Hắc Thần MG"			145	135	0	90	380	48	17	142	0	0	0	0	0	0	3	0	0	0
111	4	0	2	2	1	1	0	"Quần Hắc Thần DL"			145	135	0	90	380	112	22	0	0	0	0	0	0	0	0	3	0	0
112	4	0	2	2	1	1	0	"Quần Hắc Thần RF"			134	135	0	88	380	108	0	0	85	0	0	0	0	0	0	0	0	1
138	4	0	2	2	1	1	0	"Quần Thánh Thần DK"			145	140	0	90	380	200	33	0	0	0	0	0	3	0	0	0	0	0
139	4	0	2	2	1	1	0	"Quần Thánh Thần DW"			145	140	0	90	380	45	13	171	0	0	0	3	0	0	0	0	0	0
140	4	0	2	2	1	1	0	"Quần Thánh Thần Elf"			145	140	0	90	380	14	31	127	0	0	0	0	0	3	0	0	0	0
141	4	0	2	2	1	1	0	"Quần Thánh Thần SUM"			145	140	0	90	380	56	19	157	0	0	0	0	0	0	0	0	3	0
142	4	0	2	2	1	1	0	"Quần Thánh Thần MG"			145	140	0	90	380	48	17	142	0	0	0	0	0	0	3	0	0	0
143	4	0	2	2	1	1	0	"Quần Thánh Thần DL"			145	140	0	90	380	112	22	0	0	0	0	0	0	0	0	3	0	0
144	4	0	2	2	1	1	0	"Quần Thánh Thần RF"			144	140	0	88	380	108	0	0	85	0	0	0	0	0	0	0	0	1
150	4	0	2	2	1	1	0	"Quần Thức Tỉnh DK"			145	145	0	90	380	200	33	0	0	0	0	0	3	0	0	0	0	0
151	4	0	2	2	1	1	0	"Quần Thức Tỉnh DW"			145	145	0	90	380	45	13	171	0	0	0	3	0	0	0	0	0	0
152	4	0	2	2	1	1	0	"Quần Thức Tỉnh Elf"			145	145	0	90	380	14	31	127	0	0	0	0	0	3	0	0	0	0
153	4	0	2	2	1	1	0	"Quần Thức Tỉnh SUM"			145	145	0	90	380	56	19	157	0	0	0	0	0	0	0	0	3	0
154	4	0	2	2	1	1	0	"Quần Thức Tỉnh MG"			145	145	0	90	380	48	17	142	0	0	0	0	0	0	3	0	0	0
155	4	0	2	2	1	1	0	"Quần Thức Tỉnh DL"			145	145	0	90	380	112	22	0	0	0	0	0	0	0	0	3	0	0
156	4	0	2	2	1	1	0	"Quần Thức Tỉnh RF"			144	145	0	88	380	108	0	0	85	0	0	0	0	0	0	0	0	1
164	4	0	2	2	1	1	0	"Quần Mắt Xanh DK"			145	155	0	90	380	200	33	0	0	0	0	0	3	0	0	0	0	0
165	4	0	2	2	1	1	0	"Quần Mắt Xanh DW"			145	155	0	90	380	45	13	171	0	0	0	3	0	0	0	0	0	0
166	4	0	2	2	1	1	0	"Quần Mắt Xanh Elf"			145	155	0	90	380	14	31	127	0	0	0	0	0	3	0	0	0	0
167	4	0	2	2	1	1	0	"Quần Mắt Xanh SUM"			145	155	0	90	380	56	19	157	0	0	0	0	0	0	0	0	3	0
168	4	0	2	2	1	1	0	"Quần Mắt Xanh MG"			145	155	0	90	380	48	17	142	0	0	0	0	0	0	3	0	0	0
169	4	0	2	2	1	1	0	"Quần Mắt Xanh DL"			145	155	0	90	380	112	22	0	0	0	0	0	0	0	0	3	0	0
170	4	0	2	2	1	1	0	"Quần Mắt Xanh RF"			144	155	0	88	380	108	0	0	85	0	0	0	0	0	0	0	0	1
189	4	0	2	2	1	1	0	"Quần Tim Bạc DK"			147	165	0	90	380	200	33	0	0	0	0	0	3	0	0	0	0	0
190	4	0	2	2	1	1	0	"Quần Tim Bạc DW"			147	165	0	90	380	45	13	171	0	0	0	3	0	0	0	0	0	0
191	4	0	2	2	1	1	0	"Quần Tim Bạc Elf"			147	165	0	90	380	14	31	127	0	0	0	0	0	3	0	0	0	0
192	4	0	2	2	1	1	0	"Quần Tim Bạc SUM"			147	165	0	90	380	56	19	157	0	0	0	0	0	0	0	0	3	0
193	4	0	2	2	1	1	0	"Quần Tim Bạc MG"			147	165	0	90	380	48	17	142	0	0	0	0	0	0	3	0	0	0
194	4	0	2	2	1	1	0	"Quần Tim Bạc DL"			147	165	0	90	380	112	22	0	0	0	0	0	0	0	0	3	0	0
195	4	0	2	2	1	1	0	"Quần Tim Bạc RF"			147	165	0	88	380	108	0	0	85	0	0	0	0	0	0	0	0	1
end

//Index	Slot	Skill	X	Y	Serial	Option	Drop	Name			level	Defense	AttackSpeed	Dur	ReqLvl	ReqStr	ReqDex	ReqEne	ReqVit	ReqLead	SetAttr	DW/SM	DK/BK	ELF/ME	MG	DL SUM	RF
10
0	5	0	2	2	1	1	0	"Găng Đồng"			13	4	4	34	0	80	20	0	0	0	0	0	1	0	1	1	0	0
1	5	0	2	2	1	1	0	"Găng Hỏa Long"			52	14	6	68	0	120	30	0	0	0	0	0	1	0	1	0	0	0
2	5	0	2	2	1	1	0	"Găng Vải Thô"			3	2	0	28	0	20	0	0	0	0	0	1	0	0	1	0	0	0
3	5	0	2	2	1	1	0	"Găng Ma Thuật"			44	11	0	42	0	20	0	0	0	0	0	1	0	0	1	0	0	0
4	5	0	2	2	1	1	0	"Găng Xương"			14	5	0	30	0	20	0	0	0	0	0	1	0	0	1	0	0	0
5	5	0	2	2	1	1	0	"Găng Da"			4	2	8	30	0	80	0	0	0	0	0	0	1	0	1	1	0	0
6	5	0	2	2	1	1	0	"Găng Trâu Xanh"			22	7	10	40	0	110	0	0	0	0	0	0	1	0	1	1	0	0
7	5	0	2	2	1	1	0	"Găng Nhân Sư"			28	8	0	36	0	20	0	0	0	0	0	1	0	0	1	0	0	0
8	5	0	2	2	1	1	0	"Găng Thiên Kim"			32	9	8	44	0	100	30	0	0	0	0	0	1	0	1	0	0	0
9	5	0	2	2	1	1	0	"Găng Thiết Phiến"			42	12	4	50	0	130	0	0	0	0	0	0	1	0	1	0	0	0
10	5	0	2	2	1	1	0	"Găng Trinh Nữ"			4	2	4	22	0	30	60	0	0	0	0	0	0	1	0	0	0	0
11	5	0	2	2	1	1	0	"Găng Lụa"			14	4	8	26	0	30	70	0	0	0	0	0	0	1	0	0	0	0
12	5	0	2	2	1	1	0	"Găng Thiên Thanh"			26	6	10	32	0	30	80	0	0	0	0	0	0	1	0	0	0	0
13	5	0	2	2	1	1	0	"Găng Ngọc Bích"			38	9	4	38	0	40	80	0	0	0	0	0	0	1	0	0	0	0
14	5	0	2	2	1	1	0	"Găng Kim Ngân"			50	15	6	45	0	40	80	0	0	0	0	0	0	1	0	0	0	0
15	5	0	2	2	1	1	0	"Găng Phong Vũ"			70	20	6	80	0	150	70	0	0	0	0	0	0	0	1	0	0	0
16	5	0	2	2	1	1	0	"Găng Hắc Long"			76	22	6	74	0	170	60	0	0	0	0	0	1	0	0	0	0	0
17	5	0	2	2	1	1	0	"Găng Phượng Hoàng"			86	37	6	80	0	205	63	0	0	0	0	0	2	0	0	0	0	0
18	5	0	2	2	1	1	0	"Găng Triệu Hồn"			70	20	5	67	0	49	10	0	0	0	0	2	0	0	0	0	0	0
19	5	0	2	2	1	1	0	"Găng Giai Nhân"			72	29	6	74	0	50	110	0	0	0	0	0	0	2	0	0	0	0
20	5	0	2	2	1	1	0	"Găng Lôi Phong"			88	34	7	82	0	150	70	0	0	0	0	0	0	0	1	0	0	0
21	5	0	2	2	1	1	0	"Găng Thần Long"			94	48	6	86	0	200	58	0	0	0	0	0	2	0	0	0	0	0
22	5	0	2	2	1	1	0	"Găng Ma Vương"			87	30	6	75	0	55	18	0	0	0	0	2	0	0	0	0	0	0
23	5	0	2	2	1	1	0	"Găng Cuồng Phong"			102	45	7	90	0	162	66	0	0	0	0	0	0	0	1	0	0	0
24	5	0	2	2	1	1	0	"Găng Thánh Nữ"			84	38	6	80	0	52	115	0	0	0	0	0	0	2	0	0	0	0
25	5	0	2	2	1	1	0	"Găng Thiết Ma"			42	12	7	42	0	70	20	0	0	0	0	0	0	0	0	1	0	0
26	5	0	2	2	1	1	0	"Găng Huyền Thiết"			57	18	6	56	0	77	21	0	0	0	0	0	0	0	0	1	0	0
27	5	0	2	2	1	1	0	"Găng Hắc Vương"			75	21	5	70	0	84	22	0	0	0	0	0	0	0	0	1	0	0
28	5	0	2	2	1	1	0	"Găng Chí Tôn"			89	29	4	78	0	80	21	0	0	0	0	0	0	0	0	1	0	0
29	5	0	2	2	1	1	0	"Găng Quyền Năng"			114	60	7	90	380	170	60	0	0	0	0	0	2	0	0	0	0	0
30	5	0	2	2	1	1	0	"Găng Thần Ma"			111	44	7	86	380	44	15	0	0	0	0	2	0	0	0	0	0	0
31	5	0	2	2	1	1	0	"Găng Thái Bình"			111	50	7	86	380	38	80	0	0	0	0	0	0	2	0	0	0	0
32	5	0	2	2	1	1	0	"Găng Hồng Long"			127	55	7	95	380	145	60	0	0	0	0	0	0	0	1	0	0	0
33	5	0	2	2	1	1	0	"Găng Thái Dương"			110	40	5	82	380	62	16	0	0	0	0	0	0	0	0	1	0	0
34	5	0	2	2	1	1	0	"Găng Hắc Điểu"			61	18	6	72	0	160	50	0	0	0	0	0	1	0	0	0	0	0
35	5	0	2	2	1	1	0	"Găng Ánh Trăng"			61	15	6	54	0	53	12	0	0	0	0	1	0	0	0	0	0	0
36	5	0	2	2	1	1	0	"Găng Nữ Thần"			61	22	6	59	0	50	70	0	0	0	0	0	0	1	0	0	0	0
37	5	0	2	2	1	1	0	"Găng Hỏa Thần"			91	27	7	81	0	155	50	0	0	0	0	0	0	0	1	0	0	0
38	5	0	2	2	1	1	0	"Găng Hoàng Kim"			91	25	5	74	0	80	21	0	0	0	0	0	0	0	0	1	0	0
39	5	0	2	2	1	1	0	"Găng Thuật Sĩ"			24	9	6	36	0	22	0	0	0	0	0	0	0	0	0	0	1	0
40	5	0	2	2	1	1	0	"Găng Hỏa Thiên"			44	13	8	42	0	18	4	0	0	0	0	0	0	0	0	0	1	0
41	5	0	2	2	1	1	0	"Găng Ma Pháp"			61	19	7	54	0	52	16	0	0	0	0	0	0	0	0	0	1	0
42	5	0	2	2	1	1	0	"Găng Phục Ma"			70	26	6	67	0	50	10	0	0	0	0	0	0	0	0	0	2	0
43	5	0	2	2	1	1	0	"Găng Bão Điện"			87	34	6	75	380	56	20	0	0	0	0	0	0	0	0	0	2	0
44	5	0	2	2	1	1	0	"Găng Nữ Vương"			110	49	0	86	0	84	27	0	0	0	0	0	0	0	0	0	2	0
45	5	0	2	2	1	1	0	"Găng Thần Thoại"			100	56	7	86	380	222	32	0	0	0	0	0	1	0	0	0	0	0
46	5	0	2	2	1	1	0	"Găng Hoàng Long"			97	42	7	86	380	74	162	0	0	0	0	0	1	0	0	0	0	0
47	5	0	2	2	1	1	0	"Găng Bóng Ma"			101	49	7	86	380	212	57	0	0	0	0	0	0	0	1	0	0	0
48	5	0	2	2	1	1	0	"Găng Hủy Diệt"			99	40	7	86	380	62	19	165	0	0	0	0	0	0	1	0	0	0
49	5	0	2	2	1	1	0	"Găng Thiên Vũ"			100	43	7	86	380	55	197	0	0	0	0	0	0	1	0	0	0	0
50	5	0	2	2	1	1	0	"Găng Anh Vũ"			95	36	7	86	380	32	29	138	0	0	0	0	0	1	0	0	0	0
51	5	0	2	2	1	1	0	"Găng Đề Vương"			101	34	7	86	380	105	38	0	0	0	0	0	0	0	0	1	0	0
52	5	0	2	2	1	1	0	"Găng Quỷ Vương"			100	31	7	86	380	60	15	181	0	0	0	1	0	0	0	0	0	0
53	5	0	2	2	1	1	0	"Găng Chiêm Tinh"			98	73	7	86	380	65	15	0	0	0	0	0	0	0	0	0	2	0
62	5	0	2	2	1	1	0	"Găng Trâu Xanh - HK"			22	10	10	255	1	0	0	0	0	0	0	0	1	0	0	1	0	1
63	5	0	2	2	1	1	0	"Găng Lụa - HK"			14	6	8	255	1	0	0	0	0	0	0	0	0	1	0	0	0	0
64	5	0	2	2	1	1	0	"Găng Nhân Sư - HK"			28	12	0	255	1	0	0	0	0	0	0	1	0	0	1	0	0	0
65	5	0	2	2	1	1	0	"Găng Thuật Sĩ - HK"			24	13	6	255	1	0	0	0	0	0	0	0	0	0	0	0	1	0
66	5	0	2	2	1	1	0	"Găng Huyền Thiết - HK"			57	20	6	255	150	0	0	0	0	0	0	0	0	0	0	1	0	0
67	5	0	2	2	1	1	0	"Găng Hỏa Long - HK"			52	19	6	255	150	0	0	0	0	0	0	0	1	0	0	0	0	0
68	5	0	2	2	1	1	0	"Găng Kim Ngân - HK"			50	20	6	255	150	0	0	0	0	0	0	0	0	1	0	0	0	0
69	5	0	2	2	1	1	0	"Găng Ma Thuật - HK"			44	16	0	255	150	0	0	0	0	0	0	1	0	0	0	0	0	0
70	5	0	2	2	1	1	0	"Găng Hỏa Thiên - HK"			44	18	8	255	150	0	0	0	0	0	0	0	0	0	0	0	1	0
71	5	0	2	2	1	1	0	"Găng Phong Vũ - HK"			70	25	6	255	150	0	0	0	0	0	0	0	0	0	1	0	0	0
98	5	0	2	2	1	1	0	"Găng Huyết Thần DK"			142	125	7	90	380	200	33	0	0	0	0	0	3	0	0	0	0	0
99	5	0	2	2	1	1	0	"Găng Huyết Thần DW"			142	125	7	90	380	45	13	171	0	0	0	3	0	0	0	0	0	0
100	5	0	2	2	1	1	0	"Găng Huyết Thần Elf"			142	125	7	90	380	14	31	127	0	0	0	0	0	3	0	0	0	0
101	5	0	2	2	1	1	0	"Găng Huyết Thần SUM"			142	125	6	90	380	56	19	157	0	0	0	0	0	0	0	0	3	0
102	5	0	2	2	1	1	0	"Găng Huyết Thần MG"			142	125	7	90	380	48	17	142	0	0	0	0	0	0	3	0	0	0
103	5	0	2	2	1	1	0	"Găng Huyết Thần DL"			142	125	7	90	380	112	22	0	0	0	0	0	0	0	0	3	0	0
106	5	0	2	2	1	1	0	"Găng Hắc Thần DK"			142	130	7	90	380	200	33	0	0	0	0	0	3	0	0	0	0	0
107	5	0	2	2	1	1	0	"Găng Hắc Thần DW"			142	130	7	90	380	45	13	171	0	0	0	3	0	0	0	0	0	0
108	5	0	2	2	1	1	0	"Găng Hắc Thần Elf"			142	130	7	90	380	14	31	127	0	0	0	0	0	3	0	0	0	0
109	5	0	2	2	1	1	0	"Găng Hắc Thần SUM"			142	130	6	90	380	56	19	157	0	0	0	0	0	0	0	0	3	0
110	5	0	2	2	1	1	0	"Găng Hắc Thần MG"			142	130	7	90	380	48	17	142	0	0	0	0	0	0	3	0	0	0
111	5	0	2	2	1	1	0	"Găng Hắc Thần DL"			142	130	7	90	380	112	22	0	0	0	0	0	0	0	0	3	0	0
138	5	0	2	2	1	1	0	"Găng Thánh Thần DK"			142	135	7	90	380	200	33	0	0	0	0	0	3	0	0	0	0	0
139	5	0	2	2	1	1	0	"Găng Thánh Thần DW"			142	135	7	90	380	45	13	171	0	0	0	3	0	0	0	0	0	0
140	5	0	2	2	1	1	0	"Găng Thánh Thần Elf"			142	135	7	90	380	14	31	127	0	0	0	0	0	3	0	0	0	0
141	5	0	2	2	1	1	0	"Găng Thánh Thần SUM"			142	135	6	90	380	56	19	157	0	0	0	0	0	0	0	0	3	0
142	5	0	2	2	1	1	0	"Găng Thánh Thần MG"			142	135	7	90	380	48	17	142	0	0	0	0	0	0	3	0	0	0
143	5	0	2	2	1	1	0	"Găng Thánh Thần DL"			142	135	7	90	380	112	22	0	0	0	0	0	0	0	0	3	0	0
150	5	0	2	2	1	1	0	"Găng Thức Tỉnh DK"			142	140	7	90	380	200	33	0	0	0	0	0	3	0	0	0	0	0
151	5	0	2	2	1	1	0	"Găng Thức Tỉnh DW"			142	140	7	90	380	45	13	171	0	0	0	3	0	0	0	0	0	0
152	5	0	2	2	1	1	0	"Găng Thức Tỉnh Elf"			142	140	7	90	380	14	31	127	0	0	0	0	0	3	0	0	0	0
153	5	0	2	2	1	1	0	"Găng Thức Tỉnh SUM"			142	140	6	90	380	56	19	157	0	0	0	0	0	0	0	0	3	0
154	5	0	2	2	1	1	0	"Găng Thức Tỉnh MG"			142	140	7	90	380	48	17	142	0	0	0	0	0	0	3	0	0	0
155	5	0	2	2	1	1	0	"Găng Thức Tỉnh DL"			142	140	7	90	380	112	22	0	0	0	0	0	0	0	0	3	0	0
164	5	0	2	2	1	1	0	"Găng Mắt Xanh DK"			142	150	7	90	380	200	33	0	0	0	0	0	3	0	0	0	0	0
165	5	0	2	2	1	1	0	"Găng Mắt Xanh DW"			142	150	7	90	380	45	13	171	0	0	0	3	0	0	0	0	0	0
166	5	0	2	2	1	1	0	"Găng Mắt Xanh Elf"			142	150	7	90	380	14	31	127	0	0	0	0	0	3	0	0	0	0
167	5	0	2	2	1	1	0	"Găng Mắt Xanh SUM"			142	150	6	90	380	56	19	157	0	0	0	0	0	0	0	0	3	0
168	5	0	2	2	1	1	0	"Găng Mắt Xanh MG"			142	150	7	90	380	48	17	142	0	0	0	0	0	0	3	0	0	0
169	5	0	2	2	1	1	0	"Găng Mắt Xanh DL"			142	150	7	90	380	112	22	0	0	0	0	0	0	0	0	3	0	0
189	5	0	2	2	1	1	0	"Găng Tim Bạc DK"			144	160	7	90	380	200	33	0	0	0	0	0	3	0	0	0	0	0
190	5	0	2	2	1	1	0	"Găng Tim Bạc DW"			144	160	7	90	380	45	13	171	0	0	0	3	0	0	0	0	0	0
191	5	0	2	2	1	1	0	"Găng Tim Bạc Elf"			144	160	7	90	380	14	31	127	0	0	0	0	0	3	0	0	0	0
192	5	0	2	2	1	1	0	"Găng Tim Bạc SUM"			144	160	6	90	380	56	19	157	0	0	0	0	0	0	0	0	3	0
193	5	0	2	2	1	1	0	"Găng Tim Bạc MG"			144	160	7	90	380	48	17	142	0	0	0	0	0	0	3	0	0	0
194	5	0	2	2	1	1	0	"Găng Tim Bạc DL"			144	160	7	90	380	112	22	0	0	0	0	0	0	0	0	3	0	0
end

//Index	Slot	Skill	X	Y	Serial	Option	Drop	Name			level	Defense	WalkSpeed	Dur	ReqLvl	ReqStr	ReqDex	ReqEne	ReqVit	ReqLead	SetAttr	DW/SM	DK/BK	ELF/ME	MG	DL SUM	RF
11
0	6	0	2	2	1	1	0	"Giầy Đồng"			12	4	10	34	0	80	20	0	0	0	0	0	1	0	1	1	0	0
1	6	0	2	2	1	1	0	"Giầy Hỏa Long"			54	15	2	68	0	120	30	0	0	0	0	0	1	0	1	0	0	0
2	6	0	2	2	1	1	0	"Giầy Vải Thô"			4	3	10	28	0	20	0	0	0	0	0	1	0	0	1	0	0	0
3	6	0	2	2	1	1	0	"Giầy Ma Thuật"			46	12	0	42	0	30	0	0	0	0	0	1	0	0	1	0	0	0
4	6	0	2	2	1	1	0	"Giầy Xương"			16	6	6	30	0	30	0	0	0	0	0	1	0	0	1	0	0	0
5	6	0	2	2	1	1	0	"Giầy Da"			5	2	12	30	0	80	0	0	0	0	0	0	1	0	1	1	0	0
6	6	0	2	2	1	1	0	"Giầy Trâu Xanh"			22	8	8	40	0	110	0	0	0	0	0	0	1	0	1	1	0	1
7	6	0	2	2	1	1	0	"Giầy Nhân Sư"			30	9	8	36	0	30	0	0	0	0	0	1	0	0	1	0	0	0
8	6	0	2	2	1	1	0	"Giầy Thiên Kim"			32	10	6	44	0	100	30	0	0	0	0	0	1	0	1	0	0	1
9	6	0	2	2	1	1	0	"Giầy Thiết Phiến"			42	12	4	50	0	130	0	0	0	0	0	0	1	0	1	0	0	1
10	6	0	2	2	1	1	0	"Giầy Trinh Nữ"			5	2	0	22	0	30	60	0	0	0	0	0	0	1	0	0	0	0
11	6	0	2	2	1	1	0	"Giầy Lụa"			15	4	0	26	0	30	70	0	0	0	0	0	0	1	0	0	0	0
12	6	0	2	2	1	1	0	"Giầy Thiên Thanh"			27	7	0	32	0	30	80	0	0	0	0	0	0	1	0	0	0	0
13	6	0	2	2	1	1	0	"Giầy Ngọc Bích"			40	10	0	38	0	40	80	0	0	0	0	0	0	1	0	0	0	0
14	6	0	2	2	1	1	0	"Giầy Kim Ngân"			52	16	0	45	0	40	80	0	0	0	0	0	0	1	0	0	0	0
15	6	0	2	2	1	1	0	"Giầy Phong Vũ"			72	22	2	80	0	150	70	0	0	0	0	0	0	0	1	0	0	0
16	6	0	2	2	1	1	0	"Giầy Hắc Long"			78	24	2	74	0	170	60	0	0	0	0	0	1	0	0	0	0	0
17	6	0	2	2	1	1	0	"Giầy Phượng Hoàng"			93	40	2	80	0	198	60	0	0	0	0	0	2	0	0	0	0	0
18	6	0	2	2	1	1	0	"Giầy Triệu Hồn"			76	22	0	67	0	59	10	0	0	0	0	2	0	0	0	0	0	0
19	6	0	2	2	1	1	0	"Giầy Giai Nhân"			81	30	0	74	0	50	110	0	0	0	0	0	0	2	0	0	0	0
20	6	0	2	2	1	1	0	"Giầy Lôi Phong"			92	37	2	82	0	150	70	0	0	0	0	0	0	0	1	0	0	0
21	6	0	2	2	1	1	0	"Giầy Thần Long"			98	50	0	86	0	200	58	0	0	0	0	0	2	0	0	0	0	0
22	6	0	2	2	1	1	0	"Giầy Ma Vương"			95	31	0	75	0	55	18	0	0	0	0	2	0	0	0	0	0	0
23	6	0	2	2	1	1	0	"Giầy Cuồng Phong"			110	50	0	90	0	162	66	0	0	0	0	0	0	0	1	0	0	0
24	6	0	2	2	1	1	0	"Giầy Thánh Nữ"			87	40	0	80	0	52	115	0	0	0	0	0	0	2	0	0	0	0
25	6	0	2	2	1	1	0	"Giầy Thiết Ma"			45	13	0	42	0	70	20	0	0	0	0	0	0	0	0	1	0	0
26	6	0	2	2	1	1	0	"Giầy Huyền Thiết"			60	20	0	56	0	77	21	0	0	0	0	0	0	0	0	1	0	0
27	6	0	2	2	1	1	0	"Giầy Hắc Vương"			83	25	0	70	0	84	22	0	0	0	0	0	0	0	0	1	0	0
28	6	0	2	2	1	1	0	"Giầy Chí Tôn"			95	33	0	78	0	80	21	0	0	0	0	0	0	0	0	1	0	0
29	6	0	2	2	1	1	0	"Giầy Quyền Năng"			119	63	0	90	380	170	60	0	0	0	0	0	2	0	0	0	0	0
30	6	0	2	2	1	1	0	"Giầy Thần Ma"			119	47	0	86	380	44	15	0	0	0	0	2	0	0	0	0	0	0
31	6	0	2	2	1	1	0	"Giầy Thái Bình"			119	53	0	86	380	38	80	0	0	0	0	0	0	2	0	0	0	0
32	6	0	2	2	1	1	0	"Giầy Hồng Long"			131	61	0	95	380	145	60	0	0	0	0	0	0	0	1	0	0	0
33	6	0	2	2	1	1	0	"Giầy Thái Dương"			121	44	0	82	380	62	16	0	0	0	0	0	0	0	0	1	0	0
34	6	0	2	2	1	1	0	"Giầy Hắc Điểu"			68	19	0	72	0	160	50	0	0	0	0	0	1	0	0	0	0	0
35	6	0	2	2	1	1	0	"Giầy Ánh Trăng"			68	17	0	54	0	53	12	0	0	0	0	1	0	0	0	0	0	0
36	6	0	2	2	1	1	0	"Giầy Nữ Thần"			68	23	0	59	0	50	70	0	0	0	0	0	0	1	0	0	0	0
37	6	0	2	2	1	1	0	"Giầy Hỏa Thần"			98	29	0	81	0	155	50	0	0	0	0	0	0	0	1	0	0	0
38	6	0	2	2	1	1	0	"Giầy Hoàng Kim"			98	29	0	74	0	80	21	0	0	0	0	0	0	0	0	1	0	0
39	6	0	2	2	1	1	0	"Giầy Thuật Sĩ"			26	11	0	36	0	27	0	0	0	0	0	0	0	0	0	0	1	0
40	6	0	2	2	1	1	0	"Giầy Hỏa Thiên"			46	15	0	42	0	25	4	0	0	0	0	0	0	0	0	0	1	0
41	6	0	2	2	1	1	0	"Giầy Ma Pháp"			65	21	0	54	0	53	16	0	0	0	0	0	0	0	0	0	1	0
42	6	0	2	2	1	1	0	"Giầy Phục Ma"			76	28	0	67	0	60	10	0	0	0	0	0	0	0	0	0	2	0
43	6	0	2	2	1	1	0	"Giầy Bão Điện"			95	38	0	75	380	57	20	0	0	0	0	0	0	0	0	0	2	0
44	6	0	2	2	1	1	0	"Giầy Nữ Vương"			11	51	0	86	0	84	27	0	0	0	0	0	0	0	0	0	2	0
45	6	0	2	2	1	1	0	"Giầy Thần Thoại"			96	57	0	86	380	222	32	0	0	0	0	0	1	0	0	0	0	0
46	6	0	2	2	1	1	0	"Giầy Hoàng Long"			93	45	0	86	380	74	162	0	0	0	0	0	1	0	0	0	0	0
47	6	0	2	2	1	1	0	"Giầy Bóng Ma"			97	54	0	86	380	212	57	0	0	0	0	0	0	0	1	0	0	0
48	6	0	2	2	1	1	0	"Giầy Hủy Diệt"			94	44	0	86	380	62	19	165	0	0	0	0	0	0	1	0	0	0
49	6	0	2	2	1	1	0	"Giầy Thiên Vũ"			97	42	0	86	380	55	197	0	0	0	0	0	0	1	0	0	0	0
50	6	0	2	2	1	1	0	"Giầy Anh Vũ"			92	35	0	86	380	32	29	138	0	0	0	0	0	1	0	0	0	0
51	6	0	2	2	1	1	0	"Giầy Đế Vương"			98	38	0	86	380	105	38	0	0	0	0	0	0	0	0	1	0	0
52	6	0	2	2	1	1	0	"Giầy Quỷ Vương"			94	34	0	86	380	60	15	181	0	0	0	1	0	0	0	0	0	0
53	6	0	2	2	1	1	0	"Giầy Chiêm Tinh"			97	98	7	86	380	65	15	0	0	0	0	0	0	0	0	0	2	0
59	6	0	2	2	1	1	0	"Giầy Địa Long"			50	20	0	52	0	85	0	0	75	0	0	0	0	0	0	0	0	1
60	6	0	2	2	1	1	0	"Giầy Bạch Hổ"			62	28	0	68	0	100	0	0	90	0	0	0	0	0	0	0	0	1
61	6	0	2	2	1	1	0	"Giầy Quyền Lực"			82	36	0	82	0	115	0	0	100	0	0	0	0	0	0	0	0	1
62	6	0	2	2	1	1	0	"Giầy Trâu Xanh - HK"			22	12	8	255	1	0	0	0	0	0	0	0	1	0	0	1	0	1
63	6	0	2	2	1	1	0	"Giầy Lụa - HK"			15	7	0	255	1	0	0	0	0	0	0	0	0	1	0	0	0	0
64	6	0	2	2	1	1	0	"Giầy Nhân Sư - HK"			30	13	8	255	1	0	0	0	0	0	0	1	0	0	1	0	0	0
65	6	0	2	2	1	1	0	"Giầy Thuật Sĩ - HK"			26	15	0	255	1	0	0	0	0	0	0	0	0	0	0	0	1	0
66	6	0	2	2	1	1	0	"Giầy Huyền Thiết - HK"			60	25	0	255	150	0	0	0	0	0	0	0	0	0	0	1	0	0
67	6	0	2	2	1	1	0	"Giầy Hỏa Long - HK"			54	20	2	255	150	0	0	0	0	0	0	0	1	0	0	0	0	0
68	6	0	2	2	1	1	0	"Giầy Kim Ngân - HK"			52	23	0	255	150	0	0	0	0	0	0	0	0	1	0	0	0	0
69	6	0	2	2	1	1	0	"Giầy Ma Thuật - HK"			46	17	0	255	150	0	0	0	0	0	0	1	0	0	0	0	0	0
70	6	0	2	2	1	1	0	"Giầy Hỏa Thiên - HK"			46	17	0	255	150	0	0	0	0	0	0	0	0	0	0	0	1	0
71	6	0	2	2	1	1	0	"Giầy Phong Vũ - HK"			72	27	2	255	150	0	0	0	0	0	0	0	0	0	1	0	0	0
72	6	0	2	2	1	1	0	"Giầy Bạch Hổ - HK"			62	20	0	255	150	0	0	0	0	0	0	0	0	0	0	0	0	1
73	6	0	2	2	1	1	0	"Giầy Bạch Long"			119	57	0	88	380	97	0	0	85	0	0	0	0	0	0	0	0	1
77	6	0	2	2	1	1	0	"Giầy Huyết Long"			129	82	2	88	360	108	17	0	85	0	0	0	0	0	0	0	0	1
98	6	0	2	2	1	1	0	"Giầy Huyết Thần DK"			140	125	0	90	380	200	33	0	0	0	0	0	3	0	0	0	0	0
99	6	0	2	2	1	1	0	"Giầy Huyết Thần DW"			140	125	0	90	380	45	13	171	0	0	0	3	0	0	0	0	0	0
100	6	0	2	2	1	1	0	"Giầy Huyết Thần Elf"			140	125	0	90	380	14	31	127	0	0	0	0	0	3	0	0	0	0
101	6	0	2	2	1	1	0	"Giầy Huyết Thần SUM"			140	125	0	90	380	56	19	157	0	0	0	0	0	0	0	0	3	0
102	6	0	2	2	1	1	0	"Giầy Huyết Thần MG"			140	125	0	90	380	48	17	142	0	0	0	0	0	0	3	0	0	0
103	6	0	2	2	1	1	0	"Giầy Huyết Thần DL"			140	125	0	90	380	112	22	0	0	0	0	0	0	0	0	3	0	0
104	6	0	2	2	1	1	0	"Giầy Huyết Thần RF"			119	125	2	88	380	108	17	0	85	0	0	0	0	0	0	0	0	1
106	6	0	2	2	1	1	0	"Giầy Hắc Thần DK"			140	130	0	90	380	200	33	0	0	0	0	0	3	0	0	0	0	0
107	6	0	2	2	1	1	0	"Giầy Hắc Thần DW"			140	130	0	90	380	45	13	171	0	0	0	3	0	0	0	0	0	0
108	6	0	2	2	1	1	0	"Giầy Hắc Thần Elf"			140	130	0	90	380	14	31	127	0	0	0	0	0	3	0	0	0	0
109	6	0	2	2	1	1	0	"Giầy Hắc Thần SUM"			140	130	0	90	380	56	19	157	0	0	0	0	0	0	0	0	3	0
110	6	0	2	2	1	1	0	"Giầy Hắc Thần MG"			140	130	0	90	380	48	17	142	0	0	0	0	0	0	3	0	0	0
111	6	0	2	2	1	1	0	"Giầy Hắc Thần DL"			140	130	0	90	380	112	22	0	0	0	0	0	0	0	0	3	0	0
112	6	0	2	2	1	1	0	"Giầy Hắc Thần RF"			119	130	2	88	380	108	17	0	85	0	0	0	0	0	0	0	0	1
138	6	0	2	2	1	1	0	"Giầy Thánh Thần DK"			140	135	0	90	380	200	33	0	0	0	0	0	3	0	0	0	0	0
139	6	0	2	2	1	1	0	"Giầy Thánh Thần DW"			140	135	0	90	380	45	13	171	0	0	0	3	0	0	0	0	0	0
140	6	0	2	2	1	1	0	"Giầy Thánh Thần Elf"			140	135	0	90	380	14	31	127	0	0	0	0	0	3	0	0	0	0
141	6	0	2	2	1	1	0	"Giầy Thánh Thần SUM"			140	135	0	90	380	56	19	157	0	0	0	0	0	0	0	0	3	0
142	6	0	2	2	1	1	0	"Giầy Thánh Thần MG"			140	135	0	90	380	48	17	142	0	0	0	0	0	0	3	0	0	0
143	6	0	2	2	1	1	0	"Giầy Thánh Thần DL"			140	135	0	90	380	112	22	0	0	0	0	0	0	0	0	3	0	0
144	6	0	2	2	1	1	0	"Giầy Thánh Thần RF"			119	135	2	88	380	108	17	0	85	0	0	0	0	0	0	0	0	1
150	6	0	2	2	1	1	0	"Giầy Thức Tỉnh DK"			140	140	0	90	380	200	33	0	0	0	0	0	3	0	0	0	0	0
151	6	0	2	2	1	1	0	"Giầy Thức Tỉnh DW"			140	140	0	90	380	45	13	171	0	0	0	3	0	0	0	0	0	0
152	6	0	2	2	1	1	0	"Giầy Thức Tỉnh Elf"			140	140	0	90	380	14	31	127	0	0	0	0	0	3	0	0	0	0
153	6	0	2	2	1	1	0	"Giầy Thức Tỉnh SUM"			140	140	0	90	380	56	19	157	0	0	0	0	0	0	0	0	3	0
154	6	0	2	2	1	1	0	"Giầy Thức Tỉnh MG"			140	140	0	90	380	48	17	142	0	0	0	0	0	0	3	0	0	0
155	6	0	2	2	1	1	0	"Giầy Thức Tỉnh DL"			140	140	0	90	380	112	22	0	0	0	0	0	0	0	0	3	0	0
156	6	0	2	2	1	1	0	"Giầy Thức Tỉnh RF"			119	140	2	88	380	108	17	0	85	0	0	0	0	0	0	0	0	1
164	6	0	2	2	1	1	0	"Giầy Mắt Xanh DK"			140	150	0	90	380	200	33	0	0	0	0	0	3	0	0	0	0	0
165	6	0	2	2	1	1	0	"Giầy Mắt Xanh DW"			140	150	0	90	380	45	13	171	0	0	0	3	0	0	0	0	0	0
166	6	0	2	2	1	1	0	"Giầy Mắt Xanh Elf"			140	150	0	90	380	14	31	127	0	0	0	0	0	3	0	0	0	0
167	6	0	2	2	1	1	0	"Giầy Mắt Xanh SUM"			140	150	0	90	380	56	19	157	0	0	0	0	0	0	0	0	3	0
168	6	0	2	2	1	1	0	"Giầy Mắt Xanh MG"			140	150	0	90	380	48	17	142	0	0	0	0	0	0	3	0	0	0
169	6	0	2	2	1	1	0	"Giầy Mắt Xanh DL"			140	150	0	90	380	112	22	0	0	0	0	0	0	0	0	3	0	0
170	6	0	2	2	1	1	0	"Giầy Mắt Xanh RF"			119	150	2	88	380	108	17	0	85	0	0	0	0	0	0	0	0	1
189	6	0	2	2	1	1	0	"Giầy Tim Bạc DK"			142	160	0	90	380	200	33	0	0	0	0	0	3	0	0	0	0	0
190	6	0	2	2	1	1	0	"Giầy Tim Bạc DW"			142	160	0	90	380	45	13	171	0	0	0	3	0	0	0	0	0	0
191	6	0	2	2	1	1	0	"Giầy Tim Bạc Elf"			142	160	0	90	380	14	31	127	0	0	0	0	0	3	0	0	0	0
192	6	0	2	2	1	1	0	"Giầy Tim Bạc SUM"			142	160	0	90	380	56	19	157	0	0	0	0	0	0	0	0	3	0
193	6	0	2	2	1	1	0	"Giầy Tim Bạc MG"			142	160	0	90	380	48	17	142	0	0	0	0	0	0	3	0	0	0
194	6	0	2	2	1	1	0	"Giầy Tim Bạc DL"			142	160	0	90	380	112	22	0	0	0	0	0	0	0	0	3	0	0
195	6	0	2	2	1	1	0	"Giầy Tim Bạc RF"			121	160	2	88	380	108	17	0	85	0	0	0	0	0	0	0	0	1
end

//Index	Slot	Skill	X	Y	Serial	Option	Drop	Name			level	Defense	Dur	ReqLvl	ReqEne	ReqStr	ReqDex	ReqLead BuyMoney	DW/SM	DK/BK	ELF/ME	MG	DL SUM	RF
12
0	7	0	3	2	1	1	0	"Cánh Tiên Nữ"			100	10	200	180	0	0	0	0	0	0	0	1	0	0	0	0
1	7	0	4	3	1	1	0	"Cánh Thiên Đàng"			100	10	200	180	0	0	0	0	0	1	0	0	1	0	0	0
2	7	0	4	2	1	1	0	"Cánh Quỷ"			100	20	200	180	0	0	0	0	0	0	1	0	1	0	0	0
3	7	0	4	3	1	1	0	"Cánh Tinh Thần"			150	30	200	215	0	0	0	0	0	0	0	2	0	0	0	0
4	7	0	4	3	1	1	0	"Cánh Linh Hồn"			150	30	200	215	0	0	0	0	0	2	0	0	0	0	0	0
5	7	0	3	3	1	1	0	"Cánh Rồng"			150	45	200	215	0	0	0	0	0	0	2	0	0	0	0	0
6	7	0	4	2	1	1	0	"Cánh Bóng Đêm"			150	40	200	215	0	0	0	0	0	0	0	0	1	0	0	0
7	-1	0	1	1	1	1	0	"Ngọc Chém Xoáy"			47	0	0	80	0	0	0	0	29000	0	1	0	1	0	0	0
8	-1	0	1	1	1	1	0	"Ngọc Phục Hồi Máu"			8	0	0	0	100	0	0	0	800	0	0	1	0	0	0	0
9	-1	0	1	1	1	1	0	"Ngọc Tăng Phòng Thủ"			13	0	0	0	100	0	0	0	3000	0	0	1	0	0	0	0
10	-1	0	1	1	1	1	0	"Ngọc Tăng Tấn Công"			18	0	0	0	100	0	0	0	7000	0	0	1	0	0	0	0
11	-1	0	1	1	1	1	0	"Ngọc Triệu Hồi"			3	0	0	0	0	0	0	0	150	0	0	1	0	0	0	0
12	-1	0	1	1	1	1	0	"Ngọc Địa Chấn"			78	0	0	170	0	0	0	0	150000	0	2	0	0	0	0	0
13	-1	0	1	1	1	1	0	"Ngọc Đâm Xoáy"			20	0	0	28	0	0	0	0	10000	0	1	0	1	0	0	0
14	-1	0	1	1	1	1	0	"Ngọc Tăng Lượng Máu"			60	0	0	120	0	0	0	0	43000	0	1	0	0	0	0	0
15	-1	0	1	1	1	1	0	"Ngọc Hỗn Nguyên"			12	0	0	0	0	0	0	0	0	1	1	1	1	1	0	0
16	-1	0	1	1	1	1	0	"Ngọc Chém Lửa"			60	0	0	0	0	320	0	0	51000	0	0	0	1	0	0	0
17	-1	0	1	1	1	1	0	"Ngọc Xuyên Tâm Tiễn"			64	0	0	130	0	0	0	0	72000	0	0	1	0	0	0	0
18	-1	0	1	1	1	1	0	"Ngọc Mũi Tên Băng"			81	0	0	0	0	0	258	0	195000	0	0	2	0	0	0	0
19	-1	0	1	1	1	1	0	"Ngọc Đâm Gió"			72	0	0	160	0	0	0	0	85000	0	2	0	0	0	0	0
21	-1	0	1	2	1	1	0	"Xích Hỏa Long"			74	0	0	0	20	0	0	0	115000	0	0	0	0	1	0	0
22	-1	0	1	2	1	1	0	"Triệu Hồi Thành viên"			98	0	0	0	34	0	0	400	375000	0	0	0	0	1	0	0
23	-1	0	1	2	1	1	0	"Tăng Sát Thương"			82	0	0	0	25	0	0	300	220000	0	0	0	0	1	0	0
24	-1	0	1	2	1	1	0	"Tập hợp năng lượng"			92	0	0	0	29	0	0	340	295000	0	0	0	0	1	0	0
26	-1	0	1	1	1	1	0	"Cẩm Thách Huyền Bí"			0	0	0	0	0	0	0	0	0	1	1	1	1	1	1	0
30	-1	0	1	1	1	1	0	"Cụm Ngọc Ước Nguyện"			25	0	0	0	0	0	0	0	0	1	1	1	1	1	1	0
31	-1	0	1	1	1	1	0	"Cụm Ngọc Tâm Linh"			30	0	0	0	0	0	0	0	0	1	1	1	1	1	1	0
32	-1	0	1	1	1	1	0	"(Box) Vũ Khí Rồng"				0	0	0	0	0	0	0	0	0	1	1	1	1	1	1	0
33	-1	0	1	1	1	1	0	"(Box) Trang Sức"					0	0	0	0	0	0	0	0	0	1	1	1	1	1	1	0
34	-1	0	1	1	1	1	0	"(Box) Lông Vũ"					0	0	0	0	0	0	0	0	0	1	1	1	1	1	1	0
35	-1	0	1	2	1	1	0	"Sách Hỏa Âm"					102	0	0	0	32	0	0	70	300000	0	0	0	0	1	0	0

36	7	0	4	3	1	1	0	"Cánh Cuồng Phong"			0	60	220	300	0	0	0	0	0	0	3	0	0	0	0	0
37	7	0	4	3	1	1	0	"Cánh Thiên Sứ"			0	45	220	300	0	0	0	0	0	3	0	0	0	0	0	0
38	7	0	4	3	1	1	0	"Cánh Ngũ Sắc"			0	45	220	300	0	0	0	0	0	0	0	3	0	0	0	0
39	7	0	4	3	1	1	0	"Cánh Lôi Vũ"			0	55	220	300	0	0	0	0	0	0	0	0	3	0	0	0
40	7	0	2	3	1	1	0	"Áo Choàng Đế Vương"			0	45	220	300	0	0	0	0	0	0	0	0	0	3	0	0
41	7	0	4	2	1	1	0	"Cánh Vũ Linh"			100	10	200	180	0	0	0	0	0	0	0	0	0	0	1	0
42	7	0	4	3	1	1	0	"Cánh Hỏa Thiên"			0	30	200	215	0	0	0	0	0	0	0	0	0	0	2	0
43	7	0	4	3	1	1	0	"Cánh Phượng Hoàng"			0	45	220	300	0	0	0	0	0	0	0	0	0	0	3	0
44	-1	0	1	1	1	1	0	"Ngọc Chém Băng"			100	0	0	220	0	0	0	0	380000	0	2	0	0	0	0	0
45	-1	0	1	1	1	1	0	"Ngọc Liên Hoàn Tiễn"			100	0	0	220	0	0	0	0	380000	0	0	2	0	0	0	0
46	-1	0	1	1	1	1	0	"Ngọc Phục Hồi SD"			100	0	0	220	37	0	0	0	250000	0	0	2	0	0	0	0
47	-1	0	1	1	1	1	0	"Ngọc Kiếm Lửa"			100	0	0	220	0	0	0	0	380000	0	0	0	1	0	0	0
48	-1	0	1	2	1	1	0	"Sách Bóng Ma"			100	0	0	220	16	0	0	0	380000	0	0	0	0	1	0	0
49	7	0	2	3	1	1	0	"Áo Choàng Chiến Binh"			180	15	200	180	0	0	0	0	0	0	0	0	0	0	0	1
50	7	0	2	3	1	1	0	"Áo Choàng Uy Quyền"			0	45	220	300	0	0	0	0	0	0	0	0	0	0	0	3
60	-1	0	1	1	1	1	0	"Huy Hiệu Lửa"			150	0	0	0	0	0	0	0	500000	1	1	1	1	1	1	1
61	-1	0	1	1	1	1	0	"Huy Hiệu Nước"			150	0	0	0	0	0	0	0	500000	1	1	1	1	1	1	1
62	-1	0	1	1	1	1	0	"Huy Hiệu Băng"			150	0	0	0	0	0	0	0	500000	1	1	1	1	1	1	1
63	-1	0	1	1	1	1	0	"Huy Hiệu Gió"			150	0	0	0	0	0	0	0	500000	1	1	1	1	1	1	1
64	-1	0	1	1	1	1	0	"Huy Hiệu Sét"			150	0	0	0	0	0	0	0	500000	1	1	1	1	1	1	1
65	-1	0	1	1	1	1	0	"Huy Hiệu Đất"			150	0	0	0	0	0	0	0	500000	1	1	1	1	1	1	1
70	-1	0	1	1	1	1	0	"Khuôn (Cấp 1)"			102	0	0	0	0	0	0	0	100000	1	1	1	1	1	1	1
71	-1	0	1	1	1	1	0	"Khuôn (Cấp 2)"			122	0	0	0	0	0	0	0	150000	1	1	1	1	1	1	1
72	-1	0	1	1	1	1	0	"Khuôn (Cấp 3)"			132	0	0	0	0	0	0	0	200000	1	1	1	1	1	1	1
73	-1	0	1	1	1	1	0	"Khuôn (Cấp 4)"			142	0	0	0	0	0	0	0	250000	1	1	1	1	1	1	1
74	-1	0	1	1	1	1	0	"Khuôn (Cấp 5)"			152	0	0	0	0	0	0	0	300000	1	1	1	1	1	1	1
100	-1	0	1	1	1	1	0	"Nguyên Tố Lửa"			1	0	0	0	0	0	0	0	1050000	1	1	1	1	1	1	1
101	-1	0	1	1	1	1	0	"Nguyên Tố Nước"			1	0	0	0	0	0	0	0	1050000	1	1	1	1	1	1	1
102	-1	0	1	1	1	1	0	"Nguyên Tố Băng"			1	0	0	0	0	0	0	0	1050000	1	1	1	1	1	1	1
103	-1	0	1	1	1	1	0	"Nguyên Tố Gió"			1	0	0	0	0	0	0	0	1050000	1	1	1	1	1	1	1
104	-1	0	1	1	1	1	0	"Nguyên Tố Sét"			1	0	0	0	0	0	0	0	1050000	1	1	1	1	1	1	1
105	-1	0	1	1	1	1	0	"Nguyên Tố Đất"			1	0	0	0	0	0	0	0	1050000	1	1	1	1	1	1	1
106	-1	0	1	1	1	1	0	"Nguyên Tố Lửa"			2	0	0	0	0	0	0	0	1125000	1	1	1	1	1	1	1
107	-1	0	1	1	1	1	0	"Nguyên Tố Nước"			2	0	0	0	0	0	0	0	1125000	1	1	1	1	1	1	1
108	-1	0	1	1	1	1	0	"Nguyên Tố Băng"			2	0	0	0	0	0	0	0	1125000	1	1	1	1	1	1	1
109	-1	0	1	1	1	1	0	"Nguyên Tố Gió"			2	0	0	0	0	0	0	0	1125000	1	1	1	1	1	1	1
110	-1	0	1	1	1	1	0	"Nguyên Tố Sét"			2	0	0	0	0	0	0	0	1125000	1	1	1	1	1	1	1
111	-1	0	1	1	1	1	0	"Nguyên Tố Đất"			2	0	0	0	0	0	0	0	1125000	1	1	1	1	1	1	1
112	-1	0	1	1	1	1	0	"Nguyên Tố Lửa"			3	0	0	0	0	0	0	0	1200000	1	1	1	1	1	1	1
113	-1	0	1	1	1	1	0	"Nguyên Tố Nước"			3	0	0	0	0	0	0	0	1200000	1	1	1	1	1	1	1
114	-1	0	1	1	1	1	0	"Nguyên Tố Băng"			3	0	0	0	0	0	0	0	1200000	1	1	1	1	1	1	1
115	-1	0	1	1	1	1	0	"Nguyên Tố Gió"			3	0	0	0	0	0	0	0	1200000	1	1	1	1	1	1	1
116	-1	0	1	1	1	1	0	"Nguyên Tố Sét"			3	0	0	0	0	0	0	0	1200000	1	1	1	1	1	1	1
117	-1	0	1	1	1	1	0	"Nguyên Tố Đất"			3	0	0	0	0	0	0	0	1200000	1	1	1	1	1	1	1
118	-1	0	1	1	1	1	0	"Nguyên Tố Lửa"			4	0	0	0	0	0	0	0	1275000	0	0	0	0	0	0	0
119	-1	0	1	1	1	1	0	"Nguyên Tố Nước"			4	0	0	0	0	0	0	0	1275000	0	0	0	0	0	0	0
120	-1	0	1	1	1	1	0	"Nguyên Tố Băng"			4	0	0	0	0	0	0	0	1275000	0	0	0	0	0	0	0
121	-1	0	1	1	1	1	0	"Nguyên Tố Gió"			4	0	0	0	0	0	0	0	1275000	0	0	0	0	0	0	0
122	-1	0	1	1	1	1	0	"Nguyên Tố Sét"			4	0	0	0	0	0	0	0	1275000	0	0	0	0	0	0	0
123	-1	0	1	1	1	1	0	"Nguyên Tố Đất"			4	0	0	0	0	0	0	0	1275000	0	0	0	0	0	0	0
124	-1	0	1	1	1	1	0	"Nguyên Tố Lửa"			5	0	0	0	0	0	0	0	1350000	0	0	0	0	0	0	0
125	-1	0	1	1	1	1	0	"Nguyên Tố Nước"			5	0	0	0	0	0	0	0	1350000	0	0	0	0	0	0	0
126	-1	0	1	1	1	1	0	"Nguyên Tố Băng"			5	0	0	0	0	0	0	0	1350000	0	0	0	0	0	0	0
127	-1	0	1	1	1	1	0	"Nguyên Tố Gió"			5	0	0	0	0	0	0	0	1350000	0	0	0	0	0	0	0
128	-1	0	1	1	1	1	0	"Nguyên Tố Sét"			5	0	0	0	0	0	0	0	1350000	0	0	0	0	0	0	0
129	-1	0	1	1	1	1	0	"Nguyên Tố Đất"			5	0	0	0	0	0	0	0	1350000	0	0	0	0	0	0	0
130	7	0	2	2	1	1	0	"Áo Choàng Nhỏ Lord"			1	0	200	1	0	0	0	0	0	0	0	0	0	1	0	0
131	7	0	3	2	1	1	0	"Cánh Cô Độc Nhỏ"			1	10	200	1	0	0	0	0	0	0	0	0	0	0	1	0
132	7	0	3	2	1	1	0	"Cánh Tiên Nữ Nhỏ"			1	10	200	1	0	0	0	0	0	0	0	1	0	0	0	0
133	7	0	3	2	1	1	0	"Cánh Thiên Đàng Nhỏ"			1	10	200	1	0	0	0	0	0	1	0	0	1	0	0	0
134	7	0	3	2	1	1	0	"Cánh Quỷ Nhỏ"			1	20	200	1	0	0	0	0	0	0	1	0	1	0	0	0
135	7	0	2	2	1	1	0	"Áo Choàng Nhỏ RF"			1	15	200	0	0	0	0	0	0	0	0	0	0	0	0	1
136	-1	0	1	1	1	1	0	"Cụm Ngọc Sinh Mệnh"			72	0	0	0	0	0	0	0	0	1	1	1	1	1	1	1
137	-1	0	1	1	1	1	0	"Cụm Ngọc Sáng Tạo"			78	0	0	0	0	0	0	0	0	1	1	1	1	1	1	1
138	-1	0	1	1	1	1	0	"Cụm Đá Hộ Mệnh"			75	0	0	0	0	0	0	0	0	1	1	1	1	1	1	1
139	-1	0	1	1	1	1	0	"Cụm Đá Nguyên Thủy"			25	0	0	0	0	0	0	0	0	1	1	1	1	1	1	1
140	-1	0	1	1	1	1	0	"Cụm Đá Tạo Hóa"			25	0	0	0	0	0	0	0	0	1	1	1	1	1	1	1
141	-1	0	1	1	1	1	0	"Cụm Ngọc Hỗn Nguyên"			12	0	0	0	0	0	0	0	0	1	1	1	1	1	1	1
142	-1	0	1	1	1	1	0	"Cụm Đá Tinh Luyện 1"			25	0	0	0	0	0	0	0	0	1	1	1	1	1	1	1
143	-1	0	1	1	1	1	0	"Cụm Đá Tinh Luyện 2"			25	0	0	0	0	0	0	0	0	1	1	1	1	1	1	1
150	7	0	4	3	1	1	0	"Cánh Hỗn Nguyên (2.5)"			149	46	210	290	0	0	0	0	0	0	2	0	1	0	0	0
151	7	0	4	3	1	1	0	"Cánh Ma Thuật (2.5)"			149	37	210	290	0	0	0	0	0	2	0	0	1	0	2	0
152	7	0	4	3	1	1	0	"Cánh Hỏa Thần (2.5)"			149	37	210	290	0	0	0	0	0	0	0	2	0	0	0	0
153	7	0	3	3	1	1	0	"Cánh Chinh Phục"			149	200	220	280	0	0	0	0	0	1	1	1	1	1	1	1
154	7	0	2	3	1	1	0	"Cánh Thiên Thần Ác Quỷ"			149	160	220	350	0	0	0	0	0	1	1	1	1	1	1	1
155	7	0	2	3	1	1	0	"Áo Choàng Tử Thần (2.5"			149	27	210	290	0	0	0	0	0	0	0	0	0	1	0	1
156	7	0	4	3	1	1	0	"Cánh Cấp 4 - DW"			150	40	215	215	0	0	0	0	0	3	0	0	0	0	0	0
157	7	0	4	3	1	1	0	"Cánh Cấp 4 - DK"			150	55	215	215	0	0	0	0	0	0	3	0	0	0	0	0
158	7	0	4	3	1	1	0	"Cánh Cấp 4 - EF"			150	40	215	215	0	0	0	0	0	0	0	3	0	0	0	0
159	7	0	4	3	1	1	0	"Cánh Cấp 4 - MG"			150	50	215	215	0	0	0	0	0	0	0	0	3	0	0	0
160	7	0	2	3	1	1	0	"Cánh Cấp 4 - DL"			150	25	215	215	0	0	0	0	0	0	0	0	0	3	0	0
161	7	0	4	3	1	1	0	"Cánh Cấp 4 - SU"			150	40	215	215	0	0	0	0	0	0	0	0	0	0	3	0
162	7	0	2	3	1	1	0	"Cánh Cấp 4 - RF"			150	25	215	215	0	0	0	0	0	0	0	0	0	0	0	3
end

//Index	Slot	Skill	X	Y	Serial	Option	Drop	Name			level			Dur	Resistance1	Resistance2	Resistance3	Resistance4	Resistance5 Resistance6	Resistance7	SetAttr	DW/SM	DK/BK	ELF/ME	MG	DL SUM	RF
13
0	8	0	1	1	1	1	0	"Thần Hộ Mệnh"			23	255	0	0	0	0	0	0	0	0	1	1	1	1	1	1	1
1	8	0	1	1	1	1	0	"Tiểu Quỷ"			28	255	0	0	0	0	0	0	0	0	1	1	1	1	1	1	1
2	8	0	1	1	1	1	0	"Kỳ Lân"			25	255	0	0	0	0	0	0	0	0	1	1	1	1	1	1	1
3	8	49	1	1	1	1	0	"Quái Điểu"			110	255	0	0	0	0	0	0	0	0	1	1	1	1	1	1	1
4	8	62	1	1	1	1	0	"Chiến Mã"			218	255	0	0	0	0	0	0	0	0	0	0	0	0	1	0	0
5	1	0	1	1	1	1	0	"Quạ Tinh"			0	255	0	0	0	0	0	0	0	0	1	1	1	1	1	0	0
7	-1	0	1	1	1	1	0	"Cuộn Giấy Quỷ"			0	255	0	0	0	0	0	0	0	0	1	1	1	1	1	1	1
8	10	0	1	1	1	1	0	"Nhẫn Băng"			20	50	1	0	0	0	0	0	0	2	1	1	1	1	1	1	1
9	10	0	1	1	1	1	0	"Nhẫn Độc"			17	50	0	1	0	0	0	0	0	4	1	1	1	1	1	1	1
10	10	0	1	1	1	1	0	"Nhẫn Biến Hình"			0	200	0	0	0	0	0	0	0	0	1	1	1	1	1	1	1
11	-1	0	1	1	1	1	0	"Thư Triệu Tập"			0	255	0	0	0	0	0	0	0	0	1	1	1	1	1	1	1
12	9	0	1	1	1	1	0	"Dây Chuyền Sét"			21	50	0	0	1	0	0	0	0	3	1	1	1	1	1	1	1
13	9	0	1	1	1	1	0	"Dây Chuyền Lửa"			13	50	0	0	0	1	0	0	0	1	1	1	1	1	1	1	1
14	-1	0	1	2	1	1	0	"Lông Vũ"			78	0	0	0	0	0	0	0	0	0	1	1	1	1	1	1	1
15	-1	0	1	1	1	1	0	"Bình Nước Phép"			0	0	0	0	0	0	0	0	0	0	1	1	1	1	1	1	1
16	-1	0	1	2	1	1	0	"Thánh Chỉ"			0	128	0	0	0	0	0	0	0	0	1	1	1	1	1	1	1
17	-1	0	1	2	1	1	0	"Nanh Máu"			0	128	0	0	0	0	0	0	0	0	1	1	1	1	1	1	1
18	-1	0	2	2	1	1	0	"Áo Tàng Hình"			0	255	0	0	0	0	0	0	0	0	1	1	1	1	1	1	1
19	-1	0	1	2	1	1	0	"Gậy Thiên Sứ"			0	255	0	0	0	0	0	0	0	0	1	1	1	1	1	1	1
20	10	0	1	1	1	1	0	"Nhẫn Phù Thủy"			0	30	0	0	0	0	0	0	0	0	1	1	1	1	1	1	1
21	10	0	1	1	1	1	0	"Nhẫn Lửa"			30	50	0	0	0	1	0	0	0	3	1	1	1	1	1	1	1
22	10	0	1	1	1	1	0	"Nhẫn Đất"			38	50	0	0	0	0	1	0	0	1	1	1	1	1	1	1	1
23	10	0	1	1	1	1	0	"Nhẫn Gió"			44	50	0	0	0	0	0	1	0	2	1	1	1	1	1	1	1
24	10	0	1	1	1	1	0	"Nhẫn Phép Thuật"			47	50	0	0	0	0	0	0	0	3	1	1	1	1	1	1	1
25	9	0	1	1	1	1	0	"Dây Chuyền Băng"			34	50	1	0	0	0	0	0	0	1	1	1	1	1	1	1	1
26	9	0	1	1	1	1	0	"Dây Chuyền Gió"			42	50	0	0	0	0	0	1	0	2	1	1	1	1	1	1	1
27	9	0	1	1	1	1	0	"Dây Chuyền Nước"			46	50	0	0	0	0	0	0	1	4	1	1	1	1	1	1	1
28	9	0	1	1	1	1	0	"Dây Chuyền Kỹ Năng"			50	50	0	0	0	0	0	0	0	0	1	1	1	1	1	1	1
29	-1	0	2	2	1	1	0	"Giáp Hỗn Nguyên"			0	0	0	0	0	0	0	0	0	0	1	1	1	1	1	1	1
30	7	0	2	3	1	1	0	"Áo Choàng Của Vua"			180	200	0	0	0	0	0	0	0	0	0	0	0	0	1	0	0
31	-1	0	1	1	1	1	0	"Linh Hồn Thú Nuôi"			0	0	0	0	0	0	0	0	0	0	0	0	0	0	1	0	0
32	-1	0	1	1	1	1	0	"Mảnh Vỡ Áo Giáp"			0	1	0	0	0	0	0	0	0	0	1	1	1	1	1	1	1
33	-1	0	1	1	1	1	0	"Bảo Hộ Nữ Thần"			0	1	0	0	0	0	0	0	0	0	1	1	1	1	1	1	1
34	-1	0	1	1	1	1	0	"Nanh Sói"			0	1	0	0	0	0	0	0	0	0	1	1	1	1	1	1	1
35	-1	0	1	1	1	1	0	"Mảnh Sừng"			0	1	0	0	0	0	0	0	0	0	1	1	1	1	1	1	1
36	-1	0	2	2	1	1	0	"Sừng Gãy"			0	1	0	0	0	0	0	0	0	0	1	1	1	1	1	1	1
37	8	0	2	2	1	1	0	"Linh Hồn Sói Tinh"			300	255	0	0	0	0	0	0	0	0	2	2	2	1	1	2	1
38	10	0	1	1	1	1	0	"Nhẫn Mặt Trăng"			21	120	0	0	0	0	0	0	0	3	1	1	1	1	1	1	1
39	10	0	1	1	1	1	0	"Nhẫn Quỷ Xương"			10	255	0	0	0	0	0	0	0	0	1	1	1	1	1	1	1
40	10	0	1	1	1	1	0	"Nhẫn Jack"			10	100	0	0	0	0	0	0	0	0	1	1	1	1	1	1	1
41	10	0	1	1	1	1	0	"Nhẫn Giáng Sinh"			1	100	0	0	0	0	0	0	0	0	1	1	1	1	1	1	1
42	10	0	1	1	1	1	0	"Nhẫn GM"			0	255	255	255	255	255	255	255	255	0	1	1	1	1	1	1	1
43	10	0	1	1	1	1	0	"Bùa Tăng EXP"			0	0	0	0	0	0	0	0	0	0	1	1	1	1	1	1	1
44	10	0	1	1	1	1	0	"Bùa Thiên Sứ"			0	0	0	0	0	0	0	0	0	0	1	1	1	1	1	1	1
45	10	0	1	1	1	1	0	"Không Tăng EXP"			0	0	0	0	0	0	0	0	0	0	1	1	1	1	1	1	1
46	-1	0	1	1	1	1	0	"Vé Quảng Trường Quỷ"			0	10	0	0	0	0	0	0	0	0	1	1	1	1	1	1	1
47	-1	0	1	1	1	1	0	"Vé Huyết Lâu"			0	10	0	0	0	0	0	0	0	0	1	1	1	1	1	1	1
48	-1	0	1	1	1	1	0	"Vé Kalima"			0	10	0	0	0	0	0	0	0	0	1	1	1	1	1	1	1
49	-1	0	1	1	1	1	0	"Cuộn Giấy Phép"			0	0	0	0	0	0	0	0	0	0	1	1	1	1	1	1	1
50	-1	0	1	2	1	1	0	"Nước Thánh"			0	0	0	0	0	0	0	0	0	0	1	1	1	1	1	1	1
51	-1	0	2	2	1	1	0	"Vé Bạch Long Điện"			0	1	0	0	0	0	0	0	0	0	1	1	1	1	1	1	1
52	-1	0	1	2	1	1	0	"Linh Hồn Condor"			0	0	0	0	0	0	0	0	0	0	1	1	1	1	1	1	1
53	-1	0	1	2	1	1	0	"Lông Vũ Condor"			0	0	0	0	0	0	0	0	0	0	1	1	1	1	1	1	1
54	-1	0	1	1	1	1	0	"Reset Sức Mạnh"			0	100	0	0	0	0	0	0	0	0	1	1	1	1	1	1	1
55	-1	0	1	1	1	1	0	"Reset Nhanh Nhẹn"			0	100	0	0	0	0	0	0	0	0	1	1	1	1	1	1	1
56	-1	0	1	1	1	1	0	"Reset Thể Lực"			0	100	0	0	0	0	0	0	0	0	1	1	1	1	1	1	1
57	-1	0	1	1	1	1	0	"Reset Năng Lượng"			0	100	0	0	0	0	0	0	0	0	1	1	1	1	1	1	1
58	-1	0	1	1	1	1	0	"Reset Mệnh Lệnh"			0	100	0	0	0	0	0	0	0	0	1	1	1	1	1	1	1
59	-1	0	1	1	1	1	0	"Vé Dịch Chuyển"			0	0	0	0	0	0	0	0	0	0	1	1	1	1	1	1	1
60	-1	0	1	2	1	1	0	"Bùa Xám Hối"			0	0	0	0	0	0	0	0	0	0	1	1	1	1	1	1	1
61	-1	0	1	1	1	1	0	"Vé Bạch Long Điện"			0	10	0	0	0	0	0	0	0	0	1	1	1	1	1	1	1
62	-1	0	1	1	1	1	0	"Bùa Hộ Thân"			0	0	0	0	0	0	0	0	0	0	1	1	1	1	1	1	1
63	-1	0	1	1	1	1	0	"Bùa May Mắn"			0	0	0	0	0	0	0	0	0	0	1	1	1	1	1	1	1
64	8	0	1	1	1	1	0	"Đại Quỷ"			1	255	0	0	0	0	0	0	0	0	1	1	1	1	1	1	1
65	8	0	1	1	1	1	0	"Nữ Thần Bảo Hộ"			1	255	0	0	0	0	0	0	0	0	1	1	1	1	1	1	1
66	-1	0	1	1	1	1	0	"Vé làng Santa"			0	10	0	0	0	0	0	0	0	0	1	1	1	1	1	1	1
67	8	0	1	1	1	1	0	"Tuần Lộc"			28	255	0	0	0	0	0	0	0	0	1	1	1	1	1	1	1
68	10	0	1	1	1	1	0	"Nhẫn Người Tuyết"			10	100	0	0	0	0	0	0	0	0	1	1	1	1	1	1	1
69	-1	0	1	1	1	1	0	"Quả Cầu Hồi Sinh"			0	0	0	0	0	0	0	0	0	0	1	1	1	1	1	1	1
70	-1	0	1	1	1	1	0	"La Bàn Định Vị"			0	2	0	0	0	0	0	0	0	0	1	1	1	1	1	1	1
71	8	0	2	3	1	1	0	"Kiếm / Chùy / Giáo"			0	255	0	0	0	0	0	0	0	0	1	1	1	1	1	1	1
72	8	0	2	3	1	1	0	"Gậy"			0	255	0	0	0	0	0	0	0	0	1	1	1	1	1	1	1
73	8	0	2	3	1	1	0	"Cung Tên / Nỏ"			0	255	0	0	0	0	0	0	0	0	1	1	1	1	1	1	1
74	8	0	2	3	1	1	0	"Quyền Trượng"			0	255	0	0	0	0	0	0	0	0	1	1	1	1	1	1	1
75	8	0	2	3	1	1	0	"Khuyển"			0	255	0	0	0	0	0	0	0	0	1	1	1	1	1	1	1
76	10	0	1	1	1	1	0	"Nhẫn Biến Gấu Trúc"			1	255	0	0	0	0	0	0	0	0	1	1	1	1	1	1	1
80	8	0	1	1	1	1	0	"Gấu Trúc"			1	255	0	0	0	0	0	0	0	0	1	1	1	1	1	1	1
81	-1	0	1	1	1	1	0	"Bùa Bảo Hộ"			0	0	0	0	0	0	0	0	0	0	1	1	1	1	1	1	1
82	-1	0	1	1	1	1	0	"Bùa Bảo Hộ Item"			0	0	0	0	0	0	0	0	0	0	1	1	1	1	1	1	1
83	-1	0	1	1	1	1	0	"Bùa Cánh Quỷ"			0	0	0	0	0	0	0	0	0	0	1	1	1	1	1	1	1
84	-1	0	1	1	1	1	0	"Bùa Cánh Thiên Đàng"			0	0	0	0	0	0	0	0	0	0	1	1	1	1	1	1	1
85	-1	0	1	1	1	1	0	"Bùa Cánh Tiên Nữ"			0	0	0	0	0	0	0	0	0	0	1	1	1	1	1	1	1
86	-1	0	1	1	1	1	0	"Bùa Cánh Vũ Linh"			0	0	0	0	0	0	0	0	0	0	1	1	1	1	1	1	1
87	-1	0	1	1	1	1	0	"Bùa Áo Choáng"			0	0	0	0	0	0	0	0	0	0	1	1	1	1	1	1	1
88	-1	0	1	1	1	1	0	"Bùa Cánh Rồng"			0	0	0	0	0	0	0	0	0	0	1	1	1	1	1	1	1
89	-1	0	1	1	1	1	0	"Bùa Cánh Linh Hồn"			0	0	0	0	0	0	0	0	0	0	1	1	1	1	1	1	1
90	-1	0	1	1	1	1	0	"Bùa Cánh Tinh Thần"			0	0	0	0	0	0	0	0	0	0	1	1	1	1	1	1	1
91	-1	0	1	1	1	1	0	"Bùa Cánh Đại Bàng"			0	0	0	0	0	0	0	0	0	0	1	1	1	1	1	1	1
92	-1	0	1	1	1	1	0	"Bùa Cánh Bóng Đêm"			0	0	0	0	0	0	0	0	0	0	1	1	1	1	1	1	1
93	-1	0	1	1	1	1	0	"Bùa Tăng EXP Master"			0	0	0	0	0	0	0	0	0	0	1	1	1	1	1	1	1
94	-1	0	1	1	1	1	0	"Bùa Thiên Sứ - Master"			0	0	0	0	0	0	0	0	0	0	1	1	1	1	1	1	1
95	-1	0	1	1	1	1	0	"Chiến Binh Danh Dự"			0	255	0	0	0	0	0	0	0	0	1	1	1	1	1	1	1
96	-1	0	1	1	1	1	0	"Sức Mạnh Tensile"			0	0	0	0	0	0	0	0	0	0	1	1	1	1	1	1	1
103	-1	0	1	1	1	1	0	"Kinh Nghiệm Party"			0	0	0	0	0	0	0	0	0	0	1	1	1	1	1	1	1
104	-1	0	1	1	1	1	0	"Tăng Tối Đa AG"			0	0	0	0	0	0	0	0	0	0	1	1	1	1	1	1	1
105	-1	0	1	1	1	1	0	"Tăng Tối Đa SD"			0	0	0	0	0	0	0	0	0	0	1	1	1	1	1	1	1
106	8	0	1	1	1	1	0	"Thần Mã"			28	255	0	0	0	0	0	0	0	0	1	1	1	1	1	1	1
107	10	0	1	1	1	1	0	"Nhẫn Ma Thuật"			0	100	0	0	0	0	0	0	0	0	1	1	1	1	1	1	1
109	10	0	1	1	1	1	0	"Nhẫn Ngọc Bích"			0	0	0	0	0	0	0	0	0	0	1	1	1	1	1	1	1
110	10	0	1	1	1	1	0	"Nhẫn Hồng Ngọc"			0	0	0	0	0	0	0	0	0	0	1	1	1	1	1	1	1
111	10	0	1	1	1	1	0	"Nhẫn Hoàng Ngọc"			0	0	0	0	0	0	0	0	0	0	1	1	1	1	1	1	1
112	10	0	1	1	1	1	0	"Nhẫn Thạch Anh Tím"			0	0	0	0	0	0	0	0	0	0	1	1	1	1	1	1	1
113	9	0	1	1	1	1	0	"Dây Chuyền Hồng Ngọc"			0	0	0	0	0	0	0	0	0	0	1	1	1	1	1	1	1
114	9	0	1	1	1	1	0	"Dây Chuyền Lục Bích"			0	0	0	0	0	0	0	0	0	0	1	1	1	1	1	1	1
115	9	0	1	1	1	1	0	"Dây Chuyền Ngọc Bích"			0	0	0	0	0	0	0	0	0	0	1	1	1	1	1	1	1
116	10	0	1	1	1	1	0	"Seal Of Wealth"			0	0	0	0	0	0	0	0	0	0	1	1	1	1	1	1	1
117	-1	0	1	1	1	1	0	"Bình Mana Nhỏ"			0	0	0	0	0	0	0	0	0	0	1	1	1	1	1	1	1
118	-1	0	1	1	1	1	0	"Bình Máu Nhỏ"			0	0	0	0	0	0	0	0	0	0	1	1	1	1	1	1	1
119	-1	0	1	1	1	1	0	"Bình Mana Vừa"			0	0	0	0	0	0	0	0	0	0	1	1	1	1	1	1	1
120	-1	0	1	1	1	1	0	"Bình Máu Lớn"			0	0	0	0	0	0	0	0	0	0	1	1	1	1	1	1	1
121	0	0	1	1	1	1	0	"Vé hỗn nguyên lầu"			25964	10	0	0	0	0	0	0	0	0	1	1	1	1	1	1	1
122	10	0	1	1	1	1	0	"Nhẫn Cốt Rồng"			1	255	0	0	0	0	0	0	0	0	1	1	1	1	1	1	1
123	8	0	1	1	1	1	0	"Cốt Rồng"			1	255	0	0	0	0	0	0	0	0	1	1	1	1	1	1	1
124	-1	0	1	1	1	1	0	"VIP PACK"			0	0	0	0	0	0	0	0	0	0	1	1	1	1	1	1	1
125	0	0	1	1	1	1	0	"Vé Đăng Nhập Dopple"			29285	10	0	0	0	0	0	0	0	0	1	1	1	1	1	1	1
126	-1	0	1	1	1	1	0	"Vé Đăng Nhập Baruka"			0	10	0	0	0	0	0	0	0	0	1	1	1	1	1	1	1
127	-1	0	1	1	1	1	0	"Vé Vào Baruka Tầng 7"			55	3	0	0	0	0	0	0	0	0	1	1	1	1	1	1	1
128	10	0	1	1	1	1	0	"Mãnh Tướng"			0	255	0	0	0	0	0	0	0	0	1	1	1	1	1	1	1
129	10	0	1	1	1	1	0	"Mãnh Tướng Sơn Dương"			0	255	0	0	0	0	0	0	0	0	1	1	1	1	1	1	1
130	10	0	1	1	1	1	0	"Bùa Orc"			0	255	0	0	0	0	0	0	0	0	1	1	1	1	1	1	1
131	10	0	1	1	1	1	0	"Bùa Maple"			0	255	0	0	0	0	0	0	0	0	1	1	1	1	1	1	1
132	10	0	1	2	1	1	0	"Bùa Golden Orc"			0	255	0	0	0	0	0	0	0	0	1	1	1	1	1	1	1
133	10	0	1	2	1	1	0	"Bùa Golden Maple"			0	255	0	0	0	0	0	0	0	0	1	1	1	1	1	1	1
134	10	0	1	1	1	1	0	"Móng Ngựa Cũ"			0	255	0	0	0	0	0	0	0	0	1	1	1	1	1	1	1
135	-1	0	1	1	1	1	0	"Vé Áo hoàng kim 1"			0	255	0	0	0	0	0	0	0	0	1	1	1	1	1	1	1
136	-1	0	1	1	1	1	0	"Vé Quần hoàng kim 1"			0	255	0	0	0	0	0	0	0	0	1	1	1	1	1	1	1
137	-1	0	1	1	1	1	0	"Vé Mũ hoàng kim 1"			0	255	0	0	0	0	0	0	0	0	1	1	1	1	1	1	1
138	-1	0	1	1	1	1	0	"Vé Găng hoàng kim 1"			0	255	0	0	0	0	0	0	0	0	1	1	1	1	1	1	1
139	-1	0	1	1	1	1	0	"Vé Giày hoàng kim 1"			0	255	0	0	0	0	0	0	0	0	1	1	1	1	1	1	1
140	-1	0	1	1	1	1	0	"Vé Áo hoàng kim 2"			0	255	0	0	0	0	0	0	0	0	1	1	1	1	1	1	1
141	-1	0	1	1	1	1	0	"Vé Quần hoàng kim 2"			0	255	0	0	0	0	0	0	0	0	1	1	1	1	1	1	1
142	-1	0	1	1	1	1	0	"Vé Mũ hoàng kim 2"			0	255	0	0	0	0	0	0	0	0	1	1	1	1	1	1	1
143	-1	0	1	1	1	1	0	"Vé Găng hoàng kim 2"			0	255	0	0	0	0	0	0	0	0	1	1	1	1	1	1	1
144	-1	0	1	1	1	1	0	"Vé Giày hoàng kim 2"			0	255	0	0	0	0	0	0	0	0	1	1	1	1	1	1	1

150	0	0	1	1	1	1	0	"Thép Của Trời"							0				255		0			0			0	0	0	0	0	0	0	0	0	0	0	0	0
151	0	0	2	2	1	1	0	"Búa Thiên Thần"						0				255		0			0			0	0	0	0	0	0	0	0	0	0	0	0	0
171	0	0	1	1	1	1	0	"Muun Egg"								0				255		0			0			0	0	0	0	0	0	0	0	0	0	0	0	0
172	8	0	2	2	1	1	0	"Linh Hồn"								300				255		0			0			0	0	0	0	0	0	2	2	2	1	1	2	1
173	8	0	2	2	1	1	0	"Linh Hồn"								300				255		0			0			0	0	0	0	0	0	2	2	2	1	1	2	1
174	8	62	1	1	1	1	0	"Chiến Mã"								218				255		0			0			0	0	0	0	0	0	0	0	0	0	1	0	0
175	8	62	1	1	1	1	0	"Chiến Mã"								218				255		0			0			0	0	0	0	0	0	0	0	0	0	1	0	0

176	10	0	1	1	1	1	0	"Nhẫn Huyết Thần (A)"					47				50		1			0			0	0	0	0	0	2	1	1	1	1	1	1	1 
177	10	0	1	1	1	1	0	"Nhẫn Huyết Thần (B)"					47				50		1			0			0	0	0	0	0	2	1	1	1	1	1	1	1 
178	9	0	1	1	1	1	0	"Dây Chuyền Huyết Thần"					47				50		0			0			1	0	0	0	0	3	1	1	1	1	1	1	1 
179	10	0	1	1	1	1	0	"Nhẫn Hắc Thần (A)"						47				50		0			1			0	0	0	0	0	4	1	1	1	1	1	1	1 
180	10	0	1	1	1	1	0	"Nhẫn Hắc Thần (B)"						47				50		0			1			0	0	0	0	0	4	1	1	1	1	1	1	1 
181	9	0	1	1	1	1	0	"Dây Chuyền Hắc Thần"					47				50		0			0			1	0	0	0	0	3	1	1	1	1	1	1	1 
182	10	0	1	1	1	1	0	"Nhẫn Thánh Thần (A)"					47				50		0			0			0	1	0	0	0	3	1	1	1	1	1	1	1 
183	10	0	1	1	1	1	0	"Nhẫn Thánh Thần (B)"					47				50		0			0			0	1	0	0	0	3	1	1	1	1	1	1	1 
184	9	0	1	1	1	1	0	"Dây Chuyền Thánh Thần"					47				50		1			0			0	0	0	0	0	1	1	1	1	1	1	1	1 
185	10	0	1	1	1	1	0	"Nhẫn Thức Tỉnh (A)"					47				50		0			0			0	0	1	0	0	1	1	1	1	1	1	1	1 
186	10	0	1	1	1	1	0	"Nhẫn Thức Tỉnh (B)"					47				50		0			0			0	0	1	0	0	1	1	1	1	1	1	1	1 
187	9	0	1	1	1	1	0	"Dây Chuyền Thức Tỉnh"					47				50		0			0			0	0	0	1	0	2	1	1	1	1	1	1	1 
188	10	0	1	1	1	1	0	"Nhẫn Mắt Xanh (A)"						47				50		0			0			0	0	0	1	0	2	1	1	1	1	1	1	1 
189	10	0	1	1	1	1	0	"Nhẫn Mắt Xanh (B)"						47				50		0			0			0	0	0	1	0	2	1	1	1	1	1	1	1 
190	9	0	1	1	1	1	0	"Dây Chuyền Mắt Xanh"					47				50		0			0			0	0	0	0	1	4	1	1	1	1	1	1	1 
191	10	0	1	1	1	1	0	"Nhẫn Tim Bạc (A)"						47				50		0			0			0	0	0	0	0	3	1	1	1	1	1	1	1 
192	10	0	1	1	1	1	0	"Nhẫn Tim Bạc (B)"						47				50		0			0			0	0	0	0	0	3	1	1	1	1	1	1	1 
193	9	0	1	1	1	1	0	"Dây Chuyền Tim Bạc"					47				50		0			0			0	0	0	0	0	0	1	1	1	1	1	1	1 

200	8	0	1	1	1	1	0	"Desmodus"								28				255		0			0			0	0	0	0	0	0	1	1	1	1	1	1	1
201	8	0	1	1	1	1	0	"Chim Băng"								28				255		0			0			0	0	0	0	0	0	1	1	1	1	1	1	1
202	8	0	1	1	1	1	0	"Chim Lửa"								28				255		0			0			0	0	0	0	0	0	1	1	1	1	1	1	1
203	8	0	1	1	1	1	0	"Chim Thần"								28				255		0			0			0	0	0	0	0	0	1	1	1	1	1	1	1
255	8	0	2	2	1	1	0	"Ngựa Ma"								28				255		0			0			0	0	0	0	0	0	1	1	1	1	1	1	1
256	8	0	2	2	1	1	0	"Sói Ma"								28				255		0			0			0	0	0	0	0	0	1	1	1	1	1	1	1
257	8	0	2	2	1	1	0	"Thần Mã"								28				255		0			0			0	0	0	0	0	0	1	1	1	1	1	1	1
258	8	0	2	2	1	1	0	"Thần Sói"								28				255		0			0			0	0	0	0	0	0	1	1	1	1	1	1	1
end

//Index	Slot	Skill	X	Y	Serial	Option	Drop	Name																			Value	Level
14										
0	-1	0	1	1	1	1	0	"Táo"			5	1
1	-1	0	1	1	1	1	0	"Bình Máu Nhỏ"			10	10
2	-1	0	1	1	1	1	0	"Bình Máu"			20	25
3	-1	0	1	1	1	1	0	"Bình Máu To"			30	40
4	-1	0	1	1	1	1	0	"Bình Phép Nhỏ"			10	10
5	-1	0	1	1	1	1	0	"Bình Phép"			20	25
6	-1	0	1	1	1	1	0	"Bình Phép To"			30	40
7	-1	0	1	1	1	1	0	"Bình Thuốc"			30	0
8	-1	0	1	1	1	1	0	"Liều Giải Độc"			10	10
9	-1	0	1	2	1	1	0	"Rượu"			30	15
10	-1	0	1	2	1	1	0	"Bùa Về Thành"			30	30
11	-1	0	1	1	1	1	0	"Hộp May Mắn"			0	0
12	-1	0	1	1	1	1	0	"Trái Tim Yêu"			0	0
13	-1	0	1	1	1	1	0	"Ngọc Ước Nguyện"			150	25
14	-1	0	1	1	1	1	0	"Ngọc Tâm Linh"			150	30
15	-1	0	1	1	1	1	0	"Zen"			0	0
16	-1	0	1	1	1	1	0	"Ngọc Sinh Mệnh"			0	72
17	-1	0	1	1	1	1	0	"Con Mắt Quỷ"			0	1
18	-1	0	1	1	1	1	0	"Chìa Khóa Quỷ"			0	1
19	-1	0	1	1	1	1	0	"Bức Thư Quỷ"			0	0
20	-1	0	1	1	1	1	0	"Rượu Tình"			0	0
21	-1	0	1	1	1	1	0	"Huy Hiệu Rena"			0	0
22	-1	0	1	1	1	1	0	"Ngọc Sáng Tạo"			0	78
23	-1	0	1	1	1	1	0	"Sách Đế Vương"			0	0
24	-1	0	1	2	1	1	0	"Thanh Gươm Gẫy"			0	0
25	-1	0	1	1	1	1	0	"Nước Mắt Tiên Nữ"			0	0
26	-1	0	1	1	1	1	0	"Linh Hồn Phù Thủy"			0	0
28	-1	0	1	1	1	1	0	"Bản Đồ Kalima"			0	0
29	-1	0	1	1	1	1	0	"Huy Hiệu Kundun"			0	0
31	-1	0	1	1	1	1	0	"Đá Hộ Mệnh"			75	0
32	-1	0	1	1	1	1	0	"Hộp Socola Hồng"			0	0
33	-1	0	1	1	1	1	0	"Hộp Socola Đỏ"			0	0
34	-1	0	1	1	1	1	0	"Hộp Socola Xanh"			0	0
35	-1	0	1	1	1	1	0	"Bình SD Nhỏ"			50	0
36	-1	0	1	1	1	1	0	"Bình SD Vừa"			80	0
37	-1	0	1	1	1	1	0	"Bình SD Lớn"			100	0
38	-1	0	1	1	1	1	0	"Bình Thuốc Nhỏ"			20	68
39	-1	0	1	1	1	1	0	"Bình Thuốc Vừa"			40	96
40	-1	0	1	1	1	1	0	"Bình Thuốc Lớn"			60	118
41	-1	0	1	1	1	1	0	"Đá Nguyên Thủy"			150	25
42	-1	0	1	1	1	1	0	"Đá Tạo Hóa"			150	25
43	-1	0	1	1	1	1	0	"Đá Tinh Luyện Sơ"			150	25
44	-1	0	1	1	1	1	0	"Đá Tinh Luyện Cao"			150	25
45	-1	0	1	1	1	1	0	"Jack O Lantern"			0	1
46	-1	0	1	2	1	1	0	"Thần Chú Halloween"			0	0
47	-1	0	1	2	1	1	0	"Sức Mạnh Halloween"			0	0
48	-1	0	1	2	1	1	0	"Ma Thuật Halloween"			0	0
49	-1	0	1	1	1	1	0	"Đùi Gà Tăng Trưởng"			0	0
50	-1	0	1	1	1	1	0	"Siro Dinh Dưỡng"			0	0
51	-1	0	1	1	1	1	0	"Pháo Hoa Ngôi Sao"			0	0
52	-1	0	1	1	1	1	0	"Quà GM"			0	0
53	-1	0	1	1	1	1	0	"Bùa may mắn"			0	0
54	-1	0	1	1	1	1	0	"Thẻ Bài Chaos"			0	0
55	-1	0	1	1	1	1	0	"Hộp Item 380"			0	0
56	-1	0	1	1	1	1	0	"Hộp Item 400"			0	0
57	-1	0	1	1	1	1	0	"Hộp Ngọc"			0	0
58	-1	0	1	1	1	1	0	"Event Ticket Loai 1"			0	0
59	-1	0	1	1	1	1	0	"Event Ticket Loai 2"			0	0
60	-1	0	1	1	1	1	0	"Event Ticket Loai 3"			0	0
61	-1	0	1	1	1	1	0	"Event Ticket Loai 4"			0	0
62	-1	0	1	1	1	1	0	"Event Ticket Loai 5"			0	0
63	-1	0	1	1	1	1	0	"Pháo Bông"			0	0
64	-1	0	1	1	1	1	0	"Long Châu"			0	0
65	-1	0	1	1	1	1	0	"Trái Tim Dơi Lửa"			0	0
66	-1	0	1	2	1	1	0	"Sừng Quỷ Vương"			0	0
67	-1	0	1	2	1	1	0	"Lông Phượng Hoàng Lửa"			0	0
68	-1	0	1	2	1	1	0	"Con Mắt Abyss"			0	0
70	-1	0	1	1	1	1	0	"Bình HP Cao Cấp"			0	0
71	-1	0	1	1	1	1	0	"Bình Mana Cao Cấp"			0	0
72	-1	0	2	2	1	1	0	"Bùa Tốc Độ Tấn Công"			0	0
73	-1	0	2	2	1	1	0	"Bùa Phòng Thủ"			0	0
74	-1	0	2	2	1	1	0	"Bùa Tăng Sát Thương"			0	0
75	-1	0	2	2	1	1	0	"Bùa Tăng Ma Thuật"			0	0
76	-1	0	2	2	1	1	0	"Bùa Tăng HP"			0	0
77	-1	0	2	2	1	1	0	"Bùa Tăng Mana"			0	0
78	-1	0	1	2	1	1	0	"Thuốc Sức Mạnh"			0	0
79	-1	0	1	2	1	1	0	"Thuốc Nhanh Nhẹn"			0	0
80	-1	0	1	2	1	1	0	"Thuốc Thể Lực"			0	0
81	-1	0	1	2	1	1	0	"Thuốc Năng Lượng"			0	0
82	-1	0	1	2	1	1	0	"Thuốc Mệnh Lệnh"			0	0
83	-1	0	1	1	1	1	0	"Event Ticket 6"			0	0
84	-1	0	1	1	1	1	0	"Hộp Quà Tết"			0	0
85	-1	0	1	2	1	1	0	"Rượu Tết"			0	0
86	-1	0	1	1	1	1	0	"Bánh Tết"			0	0
87	-1	0	1	1	1	1	0	"Cánh Hoa Tết"			0	0
88	-1	0	1	2	1	1	0	"Hoa Anh Đào Trắng"			0	0
89	-1	0	1	2	1	1	0	"Hoa Anh Đào Hồng"			0	0
90	-1	0	1	2	1	1	0	"Hoa Anh Đào Vàng"			0	0
91	-1	0	1	1	1	1	0	"Thẻ Bài Thuật Sĩ"			0	0
92	-1	0	1	1	1	1	0	"Thẻ Bài Vàng"			0	0
93	-1	0	1	1	1	1	0	"Thẻ Bài Đặc Biệt"			0	0
94	-1	0	1	1	1	1	0	"Bình HP Thường"			0	0
95	-1	0	1	1	1	1	0	"Thẻ Bài May Mắn"			0	0
96	-1	0	1	1	1	1	0	"Bùa Kết Hợp Chaos"			0	0
97	-1	0	2	2	1	1	0	"Bùa Tăng Chí Mạng"			0	0
98	-1	0	2	2	1	1	0	"Bùa Tăng Tấn Công"			0	0
99	-1	0	1	1	1	1	0	"Pháo Hoa Noel"			0	0
100	-1	0	1	1	1	1	0	"Đồng Xu May Mắn"			0	0
101	-1	0	1	1	1	1	0	"Lời Chú Giải"			0	32
102	-1	0	1	1	1	1	0	"Mệnh Lệnh Của Gaion"			0	0
103	-1	0	1	1	1	1	0	"Mẩu Sekeromikon 1"			0	0
104	-1	0	1	1	1	1	0	"Mẩu Sekeromikon 2"			0	0
105	-1	0	1	1	1	1	0	"Mẩu Sekeromikon 3"			0	0
106	-1	0	1	1	1	1	0	"Mẩu Sekeromikon 4"			0	0
107	-1	0	1	1	1	1	0	"Mẩu Sekeromikon 5"			0	0
108	-1	0	1	1	1	1	0	"Mẩu Sekeromikon 6"			0	0
109	-1	0	1	1	1	1	0	"Hoàn Thành Sekeromikon"			0	0
110	-1	0	1	1	1	1	0	"Biểu Tượng Dopple"			0	32
111	-1	0	1	1	1	1	0	"Vé Tham Gia Dopple"			0	0
112	-1	0	1	1	1	1	0	"Chìa Khóa Bạc"			0	0
113	-1	0	1	1	1	1	0	"Chìa Khóa Vàng"			0	0
114	-1	0	1	1	1	1	0	"Reset Kỹ Năng Master"			0	0
115	-1	0	1	1	1	1	0	"Điều Chỉnh Chỉ Số"			0	0
116	-1	0	1	1	1	1	0	"Dấu Hiệu Dịch Chuyển"			0	0
117	-1	0	1	1	1	1	0	"Dấu Hiệu Đổi Tên"			0	0
118	-1	0	1	1	1	1	0	"Chuyển Server"			0	0
119	-1	0	1	1	1	1	0	"Gói Đặc Biệt"			0	0
120	-1	0	1	1	1	1	0	"Cường Hóa Goblin"			0	0
121	-1	0	1	1	1	1	0	"Hộp Vàng"			0	0
122	-1	0	1	1	1	1	0	"Hộp Bạc"			0	0
123	-1	0	1	1	1	1	0	"Hộp Quà Vàng"			0	0
124	-1	0	1	1	1	1	0	"Hộp Quà Bạc"			0	0
125	-1	0	1	1	1	1	0	"Hộp Khóa"			0	0
126	-1	0	1	1	1	1	0	"Key 30 Ngày"			0	0
127	-1	0	1	1	1	1	0	"Key 90 Ngày"			0	0
128	-1	0	1	1	1	1	0	"Key Điểm 30 Ngày"			0	0
129	-1	0	1	1	1	1	0	"Key Điểm 90 Ngày"			0	0
130	-1	0	1	1	1	1	0	"3 Giờ Đặc Biệt"			0	0
131	-1	0	1	1	1	1	0	"5 Giờ Đặc Biệt"			0	0
132	-1	0	1	1	1	1	0	"10 Giờ Đặc Biệt"			0	0
133	-1	0	1	1	1	1	0	"Bình Hồi SD Cao Cấp"			0	0
134	-1	0	1	1	1	1	0	"Gói Quà A"			0	0
135	-1	0	1	1	1	1	0	"Gói Quà B"			0	0
136	-1	0	1	1	1	1	0	"Gói Quà C"			0	0
137	-1	0	1	1	1	1	0	"Gói Quà D"			0	0
138	-1	0	1	1	1	1	0	"Gói Quà E"			0	0
139	-1	0	1	1	1	1	0	"Gói Quà F"			0	0
140	-1	0	2	2	1	1	0	"Cuộn Giấy Phép"			0	0
141	-1	0	1	1	1	1	0	"Rương Cũ"			0	0
142	-1	0	1	1	1	1	0	"Rương Cũ"			0	0
143	-1	0	1	1	1	1	0	"Rương Cũ"			0	0
144	-1	0	1	1	1	1	0	"Rương Cũ"			0	0
145	-1	0	1	1	1	1	0	"Vé Đặc biệt 7"			0	0
146	-1	0	1	1	1	1	0	"Vé Đặc biệt 8"			0	0
147	-1	0	1	1	1	1	0	"Vé Đặc biệt 9"			0	0
148	-1	0	1	1	1	1	0	"Vé Đặc biệt 10"			0	0
149	-1	0	1	1	1	1	0	"Vé Đặc biệt 11"			0	0
150	-1	0	1	1	1	1	0	"Vé Đặc biệt 12"			0	0
151	-1	0	1	2	1	1	0	"Lv. 1 Letter Of Request"			0	0
152	-1	0	1	2	1	1	0	"Lv. 1 Completion Certificate"			0	0
153	-1	0	1	1	1	1	0	"Stardust"			60	0
154	-1	0	1	1	1	1	0	"Ngọc Kaltu"			60	0
155	-1	0	2	2	1	1	0	"Giáp Tantalus"			60	0
156	-1	0	1	3	1	1	0	"Giáp Hung Thần"			60	0
157	-1	0	1	1	1	1	0	"Hộp Quà Xanh Lá"			190	0
158	-1	0	1	1	1	1	0	"Hộp Quà Đỏ"			190	0
159	-1	0	1	1	1	1	0	"Hộp Quà Tím"			190	0
160	-1	0	1	1	1	1	0	"Ngọc Liên Hoàn"			0	0
161	-1	0	1	1	1	1	0	"Ngọc Nhẫn Bội"			0	0
162	-1	0	1	1	1	1	0	"Mở Rộng Túi Đồ"			0	0
163	-1	0	1	1	1	1	0	"Mở Rộng Thùng Đồ"			0	0
169	 0	0	1	1	1	1	0	"Thẻ Bài Thiết Binh"		0		0
170	 0	0	1	1	1	1	0	"Xương Thần Chết"			0		0
171	 0	0	1	1	1	1	0	"Đá Qủy Vương"				0		0
172	 0	0	1	1	1	1	0	"Lông Vũ Phượng Hoàng"		0		0
173	 0	0	1	1	1	1	0	"Linh Hồn Dơi Lửa"			0		0
174	 0	0	1	1	1	1	0	"Nâng Cấp Set Item"			0		0
175	 0	0	1	1	1	1	0	"Nâng Cấp Vũ Khí"			0		0
181	 0	0	1	2	1	1	0	"(Lông Vũ) Season 4"	0		0								 				
182	 0	0	1	2	1	1	0	"(Lông Vũ) Season 5"	0		0
183	 0	0	1	2	1	1	0	"(Lông Vũ) Season 6"	0		0
184	 0	0	1	2	1	1	0	"(Lông Vũ) VIP"		0		0
192	 0	0	1	1	1	1	0	"5.000 WC"					0		0
193	 0	0	1	1	1	1	0	"10.000 WC"					0		0
194	 0	0	1	1	1	1	0	"20.000 WC"					0		0
195	 0	0	1	1	1	1	0	"50.000 WC"					0		0
196	 0	0	1	1	1	1	0	"100.000 WC"				0		0
197	 0	0	1	1	1	1	0	"200.000 WC"				0		0
198	 0	0	1	1	1	1	0	"500.000 WC"				0		0
199	 0	0	1	1	1	1	0	"500.000 WP"				0		0
200	 0	0	1	1	1	1	0	"Rương Huyết Thần"		0		0
201	 0	0	1	1	1	1	0	"Rương Thức Tỉnh"		0		0
202	 0	0	1	1	1	1	0	"Rương Hắc Thần"		0		0
203	 0	0	1	1	1	1	0	"Rương Thánh Thần"		0		0
204	 0	0	1	1	1	1	0	"Rương Mắt Xanh"		0		0
205	 0	0	1	1	1	1	0	"Rương Tim Bạc"		0		0
206	 0	0	1	1	1	1	0	"Rương Cấp 2"			0		0
207	 0	0	1	1	1	1	0	"Rương VIP"			0		0
208	 0	0	1	1	1	1	0	"Rương Cánh"			0		0
209	 0	0	1	1	1	1	0	"Rương PET"					0		0
210	 0	0	1	1	1	1	0	"Ngọc Cấp Độ +11"			0		0
211	 0	0	1	1	1	1	0	"Ngọc Cấp Độ +12"			0		0
212	 0	0	1	1	1	1	0	"Ngọc Cấp Độ +13"			0		0
213	 0	0	1	1	1	1	0	"Ngọc Cấp Độ +14"			0		0
214	 0	0	1	1	1	1	0	"Ngọc Cấp Độ +15"			0		0
215	 0	0	1	1	1	1	0	"Số 1"						0		0
216	 0	0	1	1	1	1	0	"Số 2"						0		0
217	 0	0	1	1	1	1	0	"Số 3"						0		0
218	 0	0	1	1	1	1	0	"Số 4"						0		0
219	 0	0	1	1	1	1	0	"Số 5"						0		0
220	 0	0	1	1	1	1	0	"Số 6"						0		0
244	 0	0	1	1	1	1	0	"Ngọc Cấp Độ"				0		0
245  0  0   1	1   1 	0   0   "Ngọc Kỹ Năng"				0		0
246  0  0   1	1   1 	0   0   "Ngọc May Mắn"				0		0
247  0  0   1	1   1 	0   0   "Ngọc Tính Năng"			0		0
248  0  0   1	1   1 	0   0   "Ngọc Hoàn Hảo"				0		0
249	 0	0	1	1	1	1	0	"Ngọc Socket"				0		0
250	 0	0	1	1	1	1	0	"Ngọc Thần 1"				0		0
251	 0	0	1	1	1	1	0	"Ngọc Thần 2"				0		0
252	 0	0	1	1	1	1	0	"Ngọc Full"					0		0
260	 0	0	1	1	1	1	0	"Ngọc Nâng Cấp"				0		0
261	 0	0	1	1	1	1	0	"Ngọc RingPen"				0		0

end

//Index	Slot	Skill	X	Y	Serial	Option	Drop	Name														level	ReqLvl	ReqEne	BuyMoney	DW/SM	DK/BK	ELF/ME	MG		DL 		SUM		RF
15					
0		-1		  0		1	2	  1		  1		0		"Sách Phóng Độc"											30		0		100		17000		  1		  0		  0		1		0		0		0
1		-1		  0		1	2	  1		  1		0		"Sách Thiên Thạch"											21		0		100		11000		  1		  0		  0		1		0		1		0
2		-1		  0		1	2	  1		  1		0		"Sách Phóng Sét"											13		0		100		3000		  1		  0		  0		1		0		0		0
3		-1		  0		1	2	  1		  1		0		"Sách Quả Cầu Lửa"											5		0		100		300			  1		  0		  0		1		0		1		0	
4		-1		  0		1	2	  1		  1		0		"Sách Cột Lửa"												35		0		100		21000		  1		  0		  0		1		0		0		0
5		-1		  0		1	2	  1		  1		0		"Di Chuyển Tức Thời"										17		0		100		5000		  1		  0		  0		0		0		0		0
6		-1		  0		1	2	  1		  1		0		"Sách Đóng Băng"											25		0		100		14000		  1		  0		  0		1		0		1		0
7		-1		  0		1	2	  1		  1		0		"Sách Lốc Xoáy"												40		0		100		25000		  1		  0		  0		1		0		0		0
8		-1		  0		1	2	  1		  1		0		"Triệu Tập Linh Hồn"										50		0		100		35000		  1		  0		  0		1		0		0		0
9		-1		  0		1	2	  1		  1		0		"Sách Lửa Địa Ngục"											60		0		100		60000		  1		  0		  0		1		0		0		0
10		-1		  0		1	2	  1		  1		0		"Sách Sóng Âm"												9		0		100		1150		  1		  0		  0		1		0		1		0
11		-1		  0		1	2	  1		  1		0		"Sách Luồng Nước Xanh"										74		0		110		100000		  1		  0		  0		1		0		0		0
12		-1		  0		1	2	  1		  1		0		"Sách Sao Băng"												80		0		150		175000		  1		  0		  0		1		0		0		0
13		-1		  0		1	2	  1		  1		0		"Sách Vòng Tròn Lửa"										88		0		200		265000		  1		  0		  0		1		0		0		0
14		-1		  0		1	2	  1		  1		0		"Di Chuyển Nhân Vật"										83		0		188		245000		  2		  0		  0		0		0		0		0
15		-1		  0		1	2	  1		  1		0		"Vòng Tròn Năng Lượng"										77		0		126		135000		  1		  0		  0		0		0		0		0
16		-1		  0		1	2	  1		  1		0		"Sách Mưa Độc Tố"											96		0		243		345000		  2		  0		  0		0		0		0		0
17		-1		  0		1	2	  1		  1		0		"Sách Mưa Băng Tuyết"										93		0		223		315000		  2		  0		  0		0		0		0		0
18		-1		  0		1	2	  1		  1		0		"Sách Nova"													100		0		258		410000		  2		  0		  0		0		0		0		0
19		-1		  0		1	2	  1		  1		0		"Sách Lôi Điện"												75		0		75		175000		  0		  0		  0		0		0		1		0
20		-1		  0		1	2	  1		  1		0		"Sách Hút Máu"												35		0		93		100000		  0		  0		  0		0		0		1		0
21		-1		  0		1	2	  1		  1		0		"Sách Shock Điện"											93		0		216		315000		  0		  0		  0		0		0		1		0
22		-1		  0		1	2	  1		  1		0		"Sách Phản Hồi"												80		0		111		245000		  0		  0		  0		0		0		1		0
23		-1		  0		1	2	  1		  1		0		"Sách Hộ Công"												83		0		181		265000		  0		  0		  0		0		0		1		0
24		-1		  0		1	2	  1		  1		0		"Sách Ru Ngủ"												40		0		100		135000		  0		  0		  0		0		0		1		0
25		-1		  0		1	2	  1		  1		0		"Sách Tăng Ma Thuật"										60		0		100		100000		  0		  0		  0		0		0		1		0
26		-1		  0		1	2	  1		  1		0		"Sách Giảm Sức Đánh"										93		0		173		410000		  0		  0		  0		0		0		2		0
27		-1		  0		1	2	  1		  1		0		"Sách Giảm Phòng Thủ"										111		0		201		450000		  0		  0		  0		0		0		2		0
28		-1		  0		1	2	  1		  1		0		"Sách Tăng Ma Lực"											100		220		118		425000		  2		  0		  0		0		0		0		0
29		-1		  0		1	2	  1		  1		0		"Bão Ánh Sáng"												100		220		118		380000		  0		  0		  0		1		0		0		0
30		-1		  0		1	2	  1		  1		0		"Sách Vật Ngã"												70		150		0		100000		  0		  0		  0		0		0		0		1
31		-1		  0		1	2	  1		  1		0		"Sách Ảo Ảnh Liên Hoàn"										80		180		0		175000		  0		  0		  0		0		0		0		1
32		-1		  0		1	2	  1		  1		0		"Sách Gầm Thét"												70		150		0		100000		  0		  0		  0		0		0		0		1
33		-1		  0		1	2	  1		  1		0		"Sách Hơi Thở Rồng"											90		200		0		265000		  0		  0		  0		0		0		0		1
34		-1		  0		1	2	  1		  1		0		"Sách Xuyên Thấu"											80		120		80		175000		  0		  0		  0		0		0		0		1
35		-1		  0		1	2	  1		  1		0		"Sách Tăng Thể Lực"											50		80		35		35000		  0		  0		  0		0		0		0		1
36		-1		  0		1	2	  1		  1		0		"Sách Hộ Thân"												40		50		30		25000		  0		  0		  0		0		0		0		1
end

